# Time [us]	PORT_Mip_Acq_Curr_U	PORT_Mip_Acq_Curr_V	PORT_Mip_Acq_Curr_W
-----------	-------------------	-------------------	-------------------
0	-483	485	9
100	-455	458	0
200	-399	412	0
300	-352	356	6
400	-303	310	0
500	-251	257	8
600	-213	218	6
700	-184	193	2
800	-180	187	8
900	-195	205	3
1000	-213	225	0
1100	-240	269	6
1200	-300	307	0
1300	-363	370	0
1400	-438	447	8
1500	-526	538	0
1600	-622	624	10
1700	-726	733	6
1800	-835	837	3
1900	12	-207	223
2000	5	295	-277
2100	10	418	-405
2200	12	469	-453
2300	5	488	-476
2400	11	464	-453
2500	9	427	-412
2600	8	389	-379
2700	12	335	-319
2800	6	287	-273
2900	7	244	-232
3000	12	203	-186
3100	4	194	-185
3200	12	196	-181
3300	8	211	-193
3400	8	240	-229
3500	12	273	-261
3600	6	334	-320
3700	8	412	-397
3800	9	487	-472
3900	5	592	-575
4000	10	690	-679
4100	8	798	-779
4200	-248	9	263
4300	286	4	-258
4400	391	10	-373
4500	443	12	-427
4600	451	2	-423
4700	424	9	-410
4800	390	6	-364
4900	336	5	-309
5000	282	9	-266
5100	238	4	-207
5200	189	8	-170
5300	188	8	-169
5400	193	2	-161
5500	197	9	-180
5600	219	6	-194
5700	244	0	-215
5800	294	12	-276
5900	360	5	-330
6000	425	8	-409
6100	514	12	-495
6200	618	7	-592
6300	721	12	-708
6400	-211	232	0
6500	309	-290	3
6600	443	-422	-4
6700	502	-482	6
6800	505	-490	0
6900	493	-470	0
7000	454	-439	6
7100	402	-385	0
7200	360	-339	0
7300	302	-290	8
7400	263	-235	-4
7500	222	-202	6
7600	195	-176	0
7700	205	-185	0
7800	215	-197	6
7900	236	-217	0
8000	280	-248	8
8100	330	-313	6
8200	405	-380	0
8300	483	-464	6
8400	561	-547	0
8500	667	-642	0
8600	757	-751	9
8700	869	-845	-4
8800	12	253	-252
8900	3	-266	261
9000	12	-383	382
9100	9	-439	447
9200	5	-450	448
9300	12	-435	440
9400	8	-402	412
9500	8	-356	353
9600	12	-316	323
9700	7	-265	265
9800	11	-222	224
9900	9	-187	199
10000	5	-177	176
10100	12	-188	192
10200	9	-200	209
10300	10	-222	224
10400	12	-269	277
10500	5	-328	326
10600	12	-405	405
10700	9	-497	497
10800	5	-592	587
10900	12	-704	708
11000	12	-817	812
11100	224	8	-229
11200	-267	2	274
11300	-377	7	368
11400	-418	4	418
11500	-418	0	427
11600	-393	8	386
11700	-348	1	353
11800	-299	8	296
11900	-245	12	244
12000	-193	0	199
12100	-173	6	164
12200	-167	6	166
12300	-177	0	180
12400	-189	9	179
12500	-206	3	205
12600	-242	0	241
12700	-297	9	287
12800	-360	2	371
12900	-447	8	444
13000	-533	6	524
13100	-634	2	644
13200	260	-255	0
13300	-303	309	0
13400	-457	463	12
13500	-526	534	0
13600	-539	543	8
13700	-529	537	6
13800	-494	504	-2
13900	-444	451	0
14000	-396	405	0
14100	-342	351	0
14200	-288	292	9
14300	-242	253	0
14400	-200	209	0
14500	-180	186	8
14600	-192	203	0
14700	-196	207	0
14800	-227	231	3
14900	-261	277	-4
15000	-320	327	8
15100	-396	403	1
15200	-474	483	24
15300	-560	566	9
15400	-667	674	1
15500	-771	773	5
15600	-876	875	19
15700	5	-202	212
15800	16	277	-263
15900	7	398	-380
16000	8	452	-441
16100	12	453	-439
16200	5	437	-424
16300	12	412	-390
16400	8	353	-338
16500	5	319	-302
16600	11	262	-248
16700	6	229	-206
16800	8	206	-187
16900	12	190	-174
17000	5	205	-190
17100	11	227	-207
17200	9	253	-232
17300	5	306	-290
17400	12	363	-348
17500	6	443	-425
17600	10	534	-521
17700	16	624	-608
17800	7	745	-721
17900	-248	9	269
18000	299	5	-275
18100	429	9	-412
18200	489	5	-460
18300	493	8	-475
18400	479	9	-460
18500	441	4	-413
18600	384	9	-369
18700	336	7	-310
18800	277	8	-249
18900	221	9	-205
19000	193	4	-163
19100	185	8	-164
19200	192	9	-176
19300	212	2	-178
19400	218	11	-206
19500	259	6	-232
19600	309	8	-286
19700	379	9	-368
19800	464	4	-435
19900	548	10	-528
20000	659	9	-627
20100	-212	231	8
20200	324	-307	0
20300	483	-462	0
20400	541	-526	6
20500	556	-534	-5
20600	544	-526	11
20700	498	-484	0
20800	456	-435	0
20900	399	-387	8
21000	344	-322	0
21100	296	-273	0
21200	241	-223	3
21300	205	-186	-4
21400	206	-181	7
21500	203	-185	0
21600	224	-199	0
21700	251	-233	6
21800	289	-270	0
21900	359	-337	0
22000	425	-413	3
22100	508	-488	-4
22200	605	-580	8
22300	692	-679	0
22400	806	-779	0
22500	6	257	-256
22600	8	-275	270
22700	12	-412	411
22800	7	-476	476
22900	8	-489	489
23000	12	-480	488
23100	5	-446	441
23200	11	-399	398
23300	9	-352	356
23400	5	-299	294
23500	12	-253	257
23600	8	-213	219
23700	12	-177	176
23800	16	-182	186
23900	7	-189	193
24000	11	-206	205
24100	12	-239	248
24200	-4	-286	283
24300	12	-356	356
24400	7	-434	438
24500	8	-528	521
24600	12	-635	639
24700	8	-742	741
24800	228	8	-226
24900	-283	4	290
25000	-410	8	399
25100	-458	6	456
25200	-464	0	473
25300	-442	9	431
25400	-392	6	398
25500	-341	0	341
25600	-284	9	276
25700	-228	3	231
25800	-184	8	180
25900	-168	9	163
26000	-167	2	179
26100	-182	8	180
26200	-194	6	195
26300	-217	4	223
26400	-261	9	251
26500	-318	6	321
26600	-394	0	401
26700	-477	9	468
26800	-567	4	577
26900	-676	0	679
27000	268	-257	-5
27100	-291	298	8
27200	-437	450	0
27300	-497	502	5
27400	-509	514	9
27500	-501	507	0
27600	-463	467	0
27700	-412	422	9
27800	-369	377	0
27900	-314	320	0
28000	-265	273	6
28100	-223	232	-2
28200	-183	192	11
28300	-186	192	3
28400	-194	206	-13
28500	-206	215	6
28600	-245	252	0
28700	-286	293	0
28800	-353	356	8
28900	-432	439	0
29000	-511	515	10
29100	-608	614	9
29200	-710	721	0
29300	-814	813	11
29400	6	-207	219
29500	10	299	-286
29600	12	424	-409
29700	5	489	-473
29800	12	502	-490
29900	4	489	-467
30000	8	451	-439
30100	12	398	-381
30200	5	356	-335
30300	10	309	-290
30400	9	247	-238
30500	5	222	-206
30600	11	193	-181
30700	7	198	-178
30800	8	212	-200
30900	12	228	-214
31000	4	269	-254
31100	10	325	-335
31200	9	395	-370
31300	7	481	-464
31400	12	567	-551
31500	7	669	-654
31600	8	783	-766
31700	-243	2	273
31800	286	8	-270
31900	411	9	-384
32000	444	0	-435
32100	463	11	-448
32200	452	4	-426
32300	412	0	-385
32400	360	9	-340
32500	309	4	-277
32600	248	10	-232
32700	205	9	-181
32800	186	8	-164
32900	186	9	-171
33000	206	4	-168
33100	209	0	-190
33200	237	9	-207
33300	280	4	-251
33400	334	9	-322
33500	411	6	-389
33600	493	5	-473
33700	592	12	-577
33800	702	5	-677
33900	-215	234	0
34000	321	-296	-2
