# Time [us]	PORT_Mip_Acq_Curr_U	PORT_Mip_Acq_Curr_V	PORT_Mip_Acq_Curr_W
-----------	-------------------	-------------------	-------------------
0	-50	62	1
100	-52	64	-4
200	-51	63	9
300	-60	71	0
400	-59	74	0
500	-64	73	8
600	-78	87	0
700	-70	83	0
800	-77	89	6
900	5	-107	111
1000	12	70	-58
1100	8	82	-70
1200	8	80	-71
1300	12	65	-55
1400	4	76	-64
1500	11	67	-55
1600	9	55	-46
1700	8	64	-51
1800	12	58	-45
1900	6	57	-41
2000	10	58	-49
2100	12	49	-36
2200	6	49	-38
2300	8	51	-41
2400	12	41	-29
2500	5	45	-35
2600	11	45	-39
2700	9	37	-25
2800	5	45	-33
2900	13	159	-26
3000	8	37	-16
3100	5	41	-33
3200	12	33	-26
3300	6	37	-22
3400	8	38	-29
3500	12	33	-16
3600	7	37	-25
3700	8	38	-26
3800	12	36	-20
3900	4	44	-32
4000	11	35	-26
4100	9	37	-22
4200	8	41	-34
4300	12	37	-26
4400	6	41	-25
4500	10	45	-34
4600	9	41	-26
4700	5	47	-35
4800	12	51	-33
4900	12	44	-29
5000	5	53	-43
5100	12	51	-42
5200	8	50	-41
5300	8	61	-53
5400	14	57	-45
5500	6	63	-51
5600	10	69	-58
5700	12	68	-53
5800	5	76	-67
5900	12	80	-68
6000	12	82	-70
6100	-99	9	126
6200	80	4	-58
6300	83	0	-64
6400	82	9	-71
6500	80	4	-58
6600	70	8	-54
6700	73	12	-55
6800	64	5	-35
6900	59	9	-51
7000	66	6	-44
7100	58	5	-38
7200	57	9	-44
7300	58	5	-34
7400	51	5	-35
7500	50	9	-39
7600	51	2	-24
7700	42	8	-32
7800	45	6	-23
7900	45	5	-22
8000	37	9	-30
8100	40	6	-26
8200	38	0	-12
8300	37	9	-29
8400	41	5	-20
8500	35	8	-19
8600	37	9	-26
8700	38	2	-16
8800	33	8	-21
8900	34	12	-23
9000	38	5	-12
9100	34	6	-24
9200	39	6	-23
9300	38	0	-19
9400	33	9	-31
9500	45	4	-21
9600	38	0	-22
9700	44	6	-34
9800	51	4	-24
9900	45	7	-34
10000	50	6	-42
10100	58	2	-30
10200	53	9	-43
10300	59	6	-41
10400	59	5	-38
10500	57	9	-53
10600	70	2	-45
10700	67	0	-51
10800	73	9	-60
10900	83	4	-56
11000	79	8	-69
11100	-105	128	-13
11200	83	-87	12
11300	88	-72	0
11400	91	-70	0
11500	80	-65	6
11600	76	-57	0
11700	77	-58	7
11800	66	-52	6
11900	66	-45	2
12000	64	-47	11
12100	57	-39	0
12200	59	-38	0
12300	54	-41	6
12400	49	-30	0
12500	53	-33	0
12600	51	-29	12
12700	44	-24	-4
12800	51	-29	0
12900	41	-26	0
13000	44	-22	5
13100	41	-26	9
13200	37	-18	0
13300	41	-22	0
13400	38	-26	8
13500	37	-18	0
13600	41	-22	0
13700	38	-21	6
13800	37	-17	-4
13900	43	-24	8
14000	37	-21	6
14100	41	-22	0
14200	45	-29	6
14300	39	-23	0
14400	47	-25	0
14500	51	-39	9
14600	44	-25	0
14700	51	-32	0
14800	51	-33	6
14900	50	-30	0
15000	55	-37	0
15100	51	-39	1
15200	58	-38	-4
15300	64	-45	8
15400	58	-42	0
15500	61	-45	0
15600	64	-53	9
15700	68	-45	0
15800	77	-58	0
15900	72	-58	3
16000	79	-58	-2
16100	87	-70	8
16200	84	-70	1
16300	95	-74	5
16400	9	134	-117
16500	5	-61	65
16600	11	-76	73
16700	9	-71	83
16800	8	-64	68
16900	12	-66	73
17000	8	-60	67
17100	8	-51	57
17200	12	-58	67
17300	8	-52	54
17400	10	-43	53
17500	9	-52	59
17600	5	-43	46
17700	11	-45	49
17800	9	-42	51
17900	5	-37	37
18000	12	-40	45
18100	7	-36	45
18200	8	-33	36
18300	12	-39	44
18400	5	-33	38
18500	12	-30	21
18600	12	-36	46
18700	8	-35	29
18800	11	-29	34
18900	8	-33	41
19000	5	-25	26
19100	12	-30	37
19200	8	-26	32
19300	10	-25	28
19400	12	-29	38
19500	5	-26	32
19600	10	-25	31
19700	12	-28	40
19800	5	-24	29
19900	11	-25	34
20000	9	-29	38
20100	8	-25	28
20200	12	-33	41
20300	7	-29	40
20400	0	-25	30
20500	12	-37	42
20600	5	-33	38
20700	10	-35	37
20800	9	-33	51
20900	5	-39	43
21000	12	-45	50
21100	9	-52	54
21200	5	-48	51
21300	12	-57	62
21400	7	-58	64
21500	8	-58	62
21600	12	-71	80
21700	15	-71	77
21800	126	9	-123
21900	-58	15	67
22000	-68	9	65
22100	-60	6	68
22200	-58	5	64
22300	-52	9	51
22400	-45	4	57
22500	-47	0	51
22600	-41	8	41
22700	-35	4	50
22800	-39	8	29
22900	-33	8	37
23000	-29	4	43
23100	-33	8	29
23200	-23	6	31
23300	-22	5	33
23400	-26	12	21
23500	-19	6	29
23600	-22	8	25
23700	-20	9	16
23800	-12	4	27
23900	-18	8	20
24000	-13	12	16
24100	-12	4	25
24200	-18	9	16
24300	-14	7	18
24400	-16	0	25
24500	-20	9	17
24600	-12	6	28
24700	-17	5	25
24800	-20	12	16
24900	-16	6	30
25000	-23	8	25
25100	-21	9	24
25200	-22	4	35
25300	-29	8	26
25400	-26	6	31
25500	-31	-16	41
25600	-36	9	33
25700	-34	8	44
25800	-38	5	51
25900	-41	9	42
26000	-40	4	50
26100	-48	8	51
26200	-52	12	49
26300	-49	2	63
26400	-60	8	64
26500	-62	8	73
26600	132	-120	8
26700	-71	81	0
26800	-75	87	0
26900	-72	82	9
27000	-71	85	0
27100	-63	77	5
27200	-64	74	3
27300	-58	74	-4
27400	-51	62	8
27500	-53	63	3
27600	-52	64	-2
27700	-45	55	12
27800	-44	59	0
27900	-40	58	0
28000	-41	47	6
28100	-41	53	0
28200	-34	51	0
28300	-35	44	6
28400	-34	51	0
28500	-30	43	0
28600	-34	44	6
28700	-33	46	-2
28800	-25	40	10
28900	-33	42	0
29000	-26	42	0
29100	-25	37	6
29200	-30	42	0
29300	-22	40	0
29400	-25	37	6
29500	-33	41	0
29600	-25	38	5
29700	-25	37	3
29800	-28	42	-4
29900	-25	41	0
30000	-31	44	1
30100	-29	45	-4
30200	-25	39	8
30300	-34	45	0
30400	-31	45	0
30500	-32	42	7
30600	-39	50	0
30700	-30	41	0
30800	-38	50	6
30900	-39	56	0
31000	-38	52	0
31100	-45	57	6
31200	-45	64	-2
31300	-48	58	8
31400	-54	63	0
31500	-55	67	-2
31600	-56	63	8
31700	-65	76	0
31800	-65	78	0
31900	-70	66	6
32000	-78	90	0
32100	-78	91	0
32200	9	-111	125
32300	8	77	-68
32400	12	81	-65
32500	6	76	-67
32600	10	77	-66
32700	12	66	-54
32800	8	69	-61
32900	11	66	-58
33000	12	34	-43
33100	5	61	-51
33200	12	54	-45
33300	8	50	-37
33400	7	54	-41
33500	12	47	-39
33600	7	47	-35
33700	10	51	-39
33800	13	44	-31
33900	4	50	-37
34000	10	43	-29
