# Time [us]	PORT_Mip_Acq_Curr_U	PORT_Mip_Acq_Curr_V	PORT_Mip_Acq_Curr_W
-----------	-------------------	-------------------	-------------------
0	8	-464	469
100	12	-471	481
200	2	-471	476
300	10	-473	482
400	8	-474	483
500	8	-470	471
600	12	-476	482
700	6	-474	483
800	8	-472	474
900	12	-474	489
1000	5	-472	480
1100	10	-468	485
1200	12	-471	480
1300	5	-464	464
1400	11	-459	469
1500	9	-458	470
1600	4	-452	453
1700	12	-458	463
1800	12	-447	454
1900	8	-435	437
2000	12	-439	446
2100	6	-429	431
2200	11	-422	424
2300	9	-421	430
2400	5	-407	412
2500	12	-402	411
2600	9	-395	406
2700	10	-383	385
2800	12	-379	385
2900	6	-369	373
3000	10	-360	363
3100	12	-358	365
3200	5	-344	348
3300	12	-346	340
3400	3	-329	338
3500	5	-315	318
3600	12	-309	318
3700	6	-300	309
3800	8	-290	294
3900	12	-286	295
4000	8	-277	283
4100	10	-267	266
4200	9	-265	273
4300	5	-251	257
4400	12	-244	257
4500	8	-240	252
4600	5	-233	233
4700	14	-228	237
4800	5	-219	232
4900	5	-212	218
5000	12	-213	222
5100	5	-207	209
5200	10	-203	205
5300	9	-207	213
5400	5	-198	206
5500	11	-198	203
5600	9	-195	209
5700	7	-192	197
5800	12	-199	205
5900	7	-200	209
6000	8	-202	202
6100	12	-211	218
6200	6	-215	222
6300	12	-219	211
6400	12	-229	244
6500	5	-234	236
6600	12	-246	252
6700	9	-258	265
6800	79	9	-77
6900	-101	4	120
7000	-154	0	164
7100	-182	9	186
7200	-198	0	211
7300	-213	5	215
7400	-215	7	234
7500	-219	0	235
7600	-223	12	222
7700	-215	4	231
7800	-217	0	232
7900	-216	9	218
8000	-212	4	228
8100	-216	7	225
8200	-216	12	218
8300	-215	4	231
8400	-223	8	225
8500	-221	6	211
8600	-223	2	241
8700	-232	6	235
8800	-229	6	240
8900	-232	8	251
9000	-242	9	243
9100	-240	6	253
9200	-249	0	264
9300	-253	12	253
9400	-256	4	273
9500	-263	8	270
9600	-268	8	271
9700	-270	2	289
9800	-281	10	283
9900	-284	9	287
10000	-286	0	306
10100	-297	7	297
10200	-299	6	306
10300	-301	5	315
10400	-303	9	309
10500	-306	2	324
10600	-309	0	325
10700	-316	9	318
10800	-314	1	334
10900	-320	0	328
11000	-318	6	321
11100	-315	2	336
11200	-324	7	328
11300	-320	6	332
11400	-322	0	338
11500	-323	7	323
11600	-319	4	334
11700	-320	0	335
11800	-319	9	321
11900	-314	2	332
12000	-315	7	323
12100	-311	9	315
12200	-307	2	328
12300	-308	11	310
12400	-303	9	308
12500	-299	0	315
12600	-300	8	300
12700	-294	4	305
12800	-293	0	309
12900	-290	8	292
13000	-283	2	300
13100	-286	0	293
13200	-284	9	282
13300	-277	2	294
13400	-279	8	285
13500	-273	6	315
13600	-270	1	291
13700	-276	8	277
13800	-271	6	276
13900	-270	0	286
14000	-271	10	273
14100	-270	4	282
14200	-273	0	283
14300	-274	9	276
14400	-270	2	287
14500	-277	7	283
14600	-277	8	282
14700	-277	2	294
14800	-287	7	290
14900	-287	6	292
15000	-290	21	306
15100	-300	8	300
15200	-302	4	318
15300	-309	0	325
15400	-323	12	319
15500	-325	2	340
15600	64	-53	3
15700	-146	154	0
15800	-223	234	7
15900	-281	293	0
16000	-315	328	18
16100	-338	347	11
16200	-358	371	0
16300	-361	377	5
16400	-373	384	9
16500	-382	394	0
16600	-377	387	0
16700	-383	392	9
16800	-387	406	-1
16900	-385	393	8
17000	-389	402	3
17100	-389	400	0
17200	-391	398	9
17300	-397	410	0
17400	-396	412	0
17500	-399	411	8
17600	-410	420	0
17700	-406	417	0
17800	-412	424	6
17900	-419	435	-4
18000	-422	431	0
18100	-430	443	1
18200	-435	454	0
18300	-438	447	10
18400	-449	463	0
18500	-451	464	0
18600	-456	463	8
18700	-465	478	0
18800	-469	480	0
18900	-473	485	6
19000	-472	497	0
19100	-485	493	0
19200	-489	501	6
19300	-497	515	0
19400	-497	509	8
19500	-505	521	3
19600	-511	528	-2
19700	-512	521	5
19800	-518	537	0
19900	-524	535	0
20000	-524	534	9
20100	-535	544	0
20200	-530	541	0
20300	-534	547	6
20400	-537	551	0
20500	-536	545	8
20600	-538	551	6
20700	-538	554	-1
20800	-538	545	9
20900	-540	553	0
21000	-538	554	0
21100	-534	547	9
21200	-538	553	3
21300	-536	547	5
21400	-533	540	8
21500	-532	547	0
21600	-526	536	0
21700	-524	537	6
21800	-522	541	0
21900	-515	526	10
22000	-515	527	6
22100	-509	525	0
22200	-502	511	0
22300	-503	514	0
22400	-495	515	18
22500	-489	498	12
22600	-487	501	0
22700	-476	489	0
22800	-470	479	6
22900	-471	486	0
23000	-459	470	5
23100	-455	469	6
23200	-449	464	-2
23300	-438	450	8
23400	-435	448	3
23500	-427	441	0
23600	-417	427	10
23700	-414	428	1
23800	-405	418	4
23900	-397	397	8
24000	-395	407	0
24100	-383	394	0
24200	-379	390	14
24300	-374	386	0
24400	-367	375	0
24500	-360	372	3
24600	-352	367	0
24700	-344	353	8
24800	-340	353	3
24900	-331	348	12
25000	-322	334	9
25100	-323	333	0
25200	-315	325	0
25300	-309	321	8
25400	-310	322	0
25500	-298	309	8
25600	-296	308	6
25700	-294	309	-7
25800	-283	298	8
25900	-294	306	0
26000	-284	299	-4
26100	-283	289	8
26200	-286	298	0
26300	-281	293	0
26400	-283	294	6
26500	-284	299	0
26600	-283	297	0
26700	-288	302	6
26800	-290	309	-4
26900	-291	302	10
27000	-301	308	3
27100	-302	315	8
27200	-309	318	9
27300	-317	333	0
27400	-324	330	0
27500	-333	344	6
27600	-342	356	0
27700	12	-56	66
27800	8	144	-132
27900	12	215	-204
28000	12	253	-244
28100	5	290	-283
28200	10	309	-302
28300	9	321	-309
28400	5	336	-328
28500	12	336	-329
28600	7	340	-328
28700	8	348	-342
28800	12	344	-335
28900	6	352	-341
29000	12	354	-355
29100	9	337	-338
29200	5	356	-348
29300	10	352	-345
29400	6	356	-346
29500	5	367	-356
29600	12	361	-350
29700	6	369	-354
29800	8	373	-364
29900	12	369	-360
30000	5	381	-372
30100	12	380	-371
30200	9	385	-373
30300	5	396	-386
30400	12	386	-382
30500	8	403	-386
30600	8	406	-397
30700	12	402	-394
30800	5	411	-402
30900	8	415	-413
31000	9	411	-402
31100	0	425	-418
31200	11	422	-416
31300	8	427	-418
31400	8	435	-426
31500	12	427	-421
31600	8	437	-425
31700	11	438	-432
31800	19	437	-426
31900	5	443	-433
32000	12	438	-427
32100	8	437	-425
32200	8	441	-431
32300	12	431	-426
32400	6	432	-425
32500	10	431	-413
32600	12	424	-415
32700	5	430	-422
32800	11	422	-414
32900	6	418	-406
33000	5	418	-410
33100	12	406	-397
33200	0	411	-396
33300	10	412	-403
33400	12	389	-378
33500	5	390	-383
33600	9	381	-374
33700	6	376	-365
33800	8	373	-364
33900	12	360	-349
34000	6	360	-346
