# Time [us]	PORT_Mip_Acq_Curr_U	PORT_Mip_Acq_Curr_V	PORT_Mip_Acq_Curr_W
-----------	-------------------	-------------------	-------------------
0	18	-13	3
100	-7	16	-13
200	-38	44	9
300	-91	96	0
400	-134	132	0
500	-180	176	19
600	-239	215	30
700	-298	249	63
800	7	-558	576
900	8	-93	108
1000	12	76	-58
1100	7	78	-61
1200	10	51	-33
1300	12	21	8
1400	5	4	16
1500	12	-21	41
1600	5	-18	38
1700	10	12	0
1800	12	33	-22
1900	6	91	-70
2000	10	135	-113
2100	9	179	-157
2200	4	232	-219
2300	-464	3	495
2400	25	0	3
2500	137	12	-113
2600	122	4	-82
2700	79	10	-51
2800	48	8	-16
2900	19	0	25
3000	-10	9	33
3100	-20	4	62
3200	-20	8	53
3300	18	9	5
3400	67	4	-30
3500	113	7	-89
3600	158	8	-131
3700	194	24	-183
3800	231	53	-254
3900	-525	538	11
4000	-20	44	3
4100	128	-101	-4
4200	111	-87	8
4300	73	-49	0
4400	45	-18	0
4500	19	8	8
4600	-1	29	0
4700	-3	29	0
4800	12	12	3
4900	42	-12	0
5000	80	-57	10
5100	116	-103	0
5200	169	-140	0
5300	212	-184	8
5400	263	-237	0
5500	12	489	-490
5600	7	20	-19
5700	8	-103	99
5800	12	-91	95
5900	5	-53	54
6000	10	-22	21
6100	9	8	-1
6200	5	32	-32
6300	12	36	-39
6400	8	31	-32
6500	10	0	-4
6600	12	-44	43
6700	10	-85	83
6800	16	-132	132
6900	27	-197	180
7000	44	-250	206
7100	543	8	-549
7200	46	7	-58
7300	-103	12	92
7400	-83	2	85
7500	-53	8	40
7600	-13	7	5
7700	12	-13	-12
7800	28	6	-47
7900	42	6	-52
8000	19	7	-25
8100	-26	12	13
8200	-64	4	65
8300	-115	12	109
8400	-155	8	145
8500	-203	4	204
8600	469	-467	0
8700	-46	58	0
8800	-141	144	7
8900	-116	124	0
9000	-78	83	8
9100	-48	50	12
9200	-15	25	0
9300	12	-7	9
9400	20	-16	0
9500	28	-19	-4
9600	3	0	8
9700	-36	43	0
9800	-67	77	0
9900	-116	124	6
10000	-168	167	4
10100	-218	198	34
10200	-281	240	51
10300	12	-541	556
10400	12	-65	88
10500	5	106	-90
10600	12	90	-71
10700	9	57	-35
10800	5	29	-15
10900	12	0	18
11000	7	-15	35
11100	8	-19	33
11200	12	-5	26
11300	7	33	-25
11400	12	77	-55
11500	12	115	-95
11600	8	167	-151
11700	11	211	-194
11800	-460	0	489
11900	57	9	-33
12000	154	2	-118
12100	124	7	-101
12200	95	7	-65
12300	58	21	-22
12400	21	9	0
12500	0	6	34
12600	-24	0	61
12700	-26	12	52
12800	6	4	36
12900	48	9	-24
13000	102	8	-71
13100	145	-10	-109
13200	171	25	-174
13300	223	41	-227
13400	-518	534	19
13500	8	12	0
13600	145	-120	5
13700	117	-95	0
13800	87	-58	10
13900	54	-33	8
14000	21	3	0
14100	8	19	0
14200	0	24	6
14300	0	29	-5
14400	35	-10	7
14500	62	-37	1
14600	111	-83	-2
14700	154	-131	8
14800	192	-169	0
14900	246	-222	0
15000	9	485	-483
15100	8	-3	2
15200	12	-122	126
15300	7	-103	103
15400	10	-64	60
15500	19	-36	37
15600	5	0	0
15700	12	19	-26
15800	8	24	-32
15900	5	41	-45
16000	12	5	-7
16100	6	-30	29
16200	8	-74	66
16300	12	-124	125
16400	18	-174	157
16500	44	-235	198
16600	528	12	-541
16700	24	12	-34
16800	-114	4	110
16900	-96	8	93
17000	-58	12	47
17100	-22	3	20
17200	2	8	-16
17300	24	9	-39
17400	45	4	-45
17500	28	12	-45
17600	-9	6	5
17700	-56	0	51
17800	-103	9	90
17900	-141	4	140
18000	-191	8	186
18100	469	-460	-4
18200	-70	76	9
18300	-158	162	0
18400	-124	132	0
18500	-89	70	9
18600	-58	64	0
18700	-20	29	0
18800	3	0	6
18900	21	-12	0
19000	32	-28	7
19100	9	-5	0
19200	-20	29	7
19300	-58	62	11
19400	-107	115	0
19500	-147	154	12
19600	-206	179	29
19700	-261	232	38
19800	19	-543	566
19900	8	-39	58
20000	12	119	-103
20100	12	95	-78
20200	5	67	-51
20300	10	32	-16
20400	9	0	19
20500	8	-11	26
20600	12	-27	44
20700	6	-13	32
20800	12	29	-13
20900	12	57	-35
21000	5	108	-89
21100	10	154	-136
21200	9	198	-177
21300	7	261	-244
21400	-473	0	508
21500	-18	8	51
21600	115	8	-91
21700	103	2	-65
21800	62	9	-38
21900	33	6	0
22000	6	5	35
22100	-20	9	45
22200	-25	4	66
22300	-10	0	45
22400	42	9	-15
22500	91	4	-55
22600	129	9	-109
22700	174	19	-155
22800	212	37	-209
22900	-516	530	9
23000	33	-16	15
23100	151	-129	1
23200	132	-103	10
23300	96	-71	6
23400	57	-33	0
23500	33	0	0
23600	6	16	6
23700	-7	33	-4
23800	0	23	7
23900	23	0	3
24000	57	-31	12
24100	103	-78	8
24200	137	-115	1
24300	190	-154	0
24400	232	-207	6
24500	8	483	-487
24600	12	-33	33
24700	5	-131	128
24800	10	-108	107
24900	12	-78	77
25000	5	-37	32
25100	12	-9	8
25200	7	15	-12
25300	8	38	-42
25400	12	37	-39
25500	6	21	-19
25600	12	-16	24
25700	12	-65	67
25800	8	-101	95
25900	20	-161	153
26000	35	-223	199
26100	514	25	-546
26200	0	8	-5
26300	-128	8	119
26400	-103	6	94
26500	-67	5	66
26600	-36	24	19
26700	0	6	-8
26800	22	0	-25
26900	37	9	-55
27000	41	4	-42
27100	0	8	-6
27200	-41	12	31
27300	-90	4	93
27400	-133	8	122
27500	-178	6	173
27600	-232	0	232
27700	482	-476	0
27800	1	6	7
27900	-116	121	6
28000	-95	104	-2
28100	-60	63	8
28200	-33	35	0
28300	0	9	0
28400	19	-13	12
28500	28	-21	0
28600	22	-16	0
28700	-19	24	6
28800	-52	58	-4
28900	-95	99	7
29000	-143	147	0
29100	-192	183	10
29200	-251	205	48
29300	12	-534	541
29400	16	-22	37
29500	8	126	-103
29600	8	111	-95
29700	12	66	-52
29800	2	41	-22
29900	8	12	5
30000	9	-13	36
30100	8	-20	40
30200	12	-19	37
30300	8	10	6
30400	8	54	-39
30500	12	94	-74
30600	7	140	-125
30700	10	193	-186
30800	12	248	-223
30900	-472	8	493
31000	6	6	31
31100	123	0	-90
31200	107	9	-84
31300	77	4	-36
31400	33	8	0
31500	8	6	21
31600	-16	5	52
31700	-29	11	53
31800	-12	4	50
31900	29	0	3
32000	76	9	-52
32100	128	4	-93
32200	161	15	-145
32300	205	33	-207
32400	-511	521	29
32500	45	-34	9
32600	169	-141	0
32700	136	-116	3
32800	102	-74	-7
32900	70	-46	0
33000	32	-10	0
33100	12	16	-2
33200	0	24	10
33300	-7	37	-12
33400	24	6	0
33500	51	-26	6
33600	89	-61	-4
33700	136	-113	8
33800	172	-142	3
33900	224	-196	5
34000	283	-260	6
