# Time [us]	PORT_Mip_Acq_Curr_U	PORT_Mip_Acq_Curr_V	PORT_Mip_Acq_Curr_W
-----------	-------------------	-------------------	-------------------
0	12	-20	41
100	8	-20	41
200	8	12	4
300	12	39	-16
400	5	84	-64
500	11	128	-113
600	12	169	-151
700	5	228	-206
800	-464	6	489
900	38	-13	0
1000	132	11	-114
1100	122	6	-91
1200	85	5	-51
1300	47	12	-20
1400	20	3	16
1500	0	0	45
1600	-26	12	50
1700	-19	0	62
1800	12	9	19
1900	63	8	-29
2000	112	12	-77
2100	149	10	-132
2200	193	25	-181
2300	227	44	-238
2400	-524	541	2
2500	-6	28	8
2600	129	-107	3
2700	115	-87	-4
2800	83	-55	8
2900	44	-20	0
3000	23	6	0
3100	3	21	9
3200	-10	35	0
3300	14	16	0
3400	38	-13	8
3500	70	-45	0
3600	122	-97	7
3700	157	-136	6
3800	205	-178	2
3900	261	-236	10
4000	5	494	-494
4100	15	13	-4
4200	12	-113	119
4300	5	-91	90
4400	12	-59	59
4500	8	-26	32
4600	5	6	-8
4700	12	22	-26
4800	4	37	-38
4900	8	40	-42
5000	12	0	0
5100	5	-33	33
5200	11	-80	76
5300	12	-132	132
5400	21	-184	162
5500	47	-247	205
5600	534	12	-547
5700	34	12	-50
5800	-105	4	107
5900	-92	0	90
6000	-55	9	44
6100	-16	4	16
6200	6	8	-16
6300	31	12	-45
6400	45	12	-43
6500	21	6	-38
6600	-16	6	10
6700	-63	12	61
6800	-113	12	103
6900	-148	6	147
7000	-199	0	199
7100	469	-464	0
7200	-58	65	5
7300	-149	153	3
7400	-120	128	-2
7500	-82	86	8
7600	-51	57	3
7700	-16	25	-2
7800	19	-5	9
7900	18	-14	3
8000	29	-23	0
8100	6	0	8
8200	-26	35	0
8300	-64	71	0
8400	-113	120	6
8500	-155	164	2
8600	-209	194	30
8700	-273	236	51
8800	12	-541	553
8900	16	-53	74
9000	5	113	-96
9100	11	103	-52
9200	12	60	-34
9300	5	32	-17
9400	12	3	15
9500	9	-16	35
9600	5	-19	33
9700	12	-8	24
9800	7	29	-6
9900	8	67	-52
10000	12	107	-86
10100	6	158	-138
10200	10	206	-190
10300	12	263	-241
10400	-479	5	502
10500	-26	7	57
10600	112	0	-72
10700	95	9	-74
10800	65	10	-29
10900	25	0	6
11000	0	12	23
11100	-17	4	55
11200	-30	8	58
11300	-4	9	31
11400	51	4	-8
11500	91	8	-67
11600	140	9	-111
11700	174	-4	-154
11800	211	43	-225
11900	-516	522	16
12000	25	-7	12
12100	150	-122	0
12200	130	-105	11
12300	91	-66	3
12400	57	-25	-2
12500	32	-7	6
12600	4	20	0
12700	-4	32	-4
12800	3	21	7
12900	24	-1	0
13000	60	-35	0
13100	104	-84	6
13200	140	-119	0
13300	191	-162	5
13400	232	-210	6
13500	8	489	-490
13600	14	-23	23
13700	8	-129	128
13800	12	-103	97
13900	12	-74	75
14000	5	-35	32
14100	10	0	0
14200	9	15	-12
14300	-4	38	-41
14400	12	36	-39
14500	9	12	-12
14600	8	-19	16
14700	12	-68	66
14800	7	-111	112
14900	18	-164	153
15000	40	-229	203
15100	518	20	-544
15200	0	12	-13
15300	-122	4	122
15400	-107	13	90
15500	-69	6	60
15600	-32	5	26
15700	0	12	-15
15800	27	4	-27
15900	38	0	-45
16000	36	12	-52
16100	1	4	-3
16200	-49	8	38
16300	-95	9	86
16400	-133	4	135
16500	-185	8	175
16600	-233	8	228
16700	489	-480	8
16800	-4	6	0
16900	-110	122	0
17000	-95	100	6
17100	-65	70	0
17200	-25	32	8
17300	0	7	9
17400	18	-9	0
17500	32	-23	7
17600	9	-7	1
17700	-16	25	-2
17800	-48	53	9
17900	-100	107	0
18000	-139	148	0
18100	-193	179	27
18200	-260	225	35
18300	17	-531	540
18400	9	-20	45
18500	8	132	-114
18600	12	103	-87
18700	8	74	-51
18800	12	41	-23
18900	12	7	16
19000	5	-8	27
19100	12	-25	37
19200	8	-20	38
19300	15	20	0
19400	12	51	-33
19500	6	95	-75
19600	5	145	-129
19700	12	189	-169
19800	2	249	-227
19900	-468	6	498
20000	6	0	32
20100	131	9	-101
20200	112	4	-78
20300	70	0	-38
20400	37	12	-13
20500	12	2	29
20600	-16	8	45
20700	-26	8	57
20800	-12	4	53
20900	27	10	0
21000	78	6	-47
21100	128	0	-90
21200	163	16	-148
21300	212	30	-200
21400	-512	514	29
21500	50	-38	8
21600	169	-144	7
21700	136	-111	1
21800	102	-74	0
21900	70	-47	9
22000	33	-9	0
22100	14	12	0
22200	0	28	6
22300	-15	33	0
22400	20	6	0
22500	51	-26	3
22600	86	-61	0
22700	138	-111	0
22800	171	-156	3
22900	224	-191	-7
23000	283	-258	12
23100	5	501	-502
23200	11	41	-42
23300	9	-103	103
23400	0	-78	74
23500	11	-48	47
23600	8	-15	16
23700	5	12	-18
23800	12	28	-29
23900	6	41	-41
24000	8	32	-34
24100	12	-15	16
24200	5	-48	51
24300	12	-96	76
24400	19	-145	149
24500	24	-203	175
24600	58	-268	223
24700	547	8	-554
24800	74	12	-90
24900	-87	4	82
25000	-77	0	70
25100	-41	12	31
25200	-6	4	10
25300	13	7	-25
25400	37	9	-41
25500	41	4	-45
25600	10	11	-25
25700	-34	6	24
25800	-77	5	77
25900	-124	14	112
26000	-164	6	165
26100	-219	0	212
26200	479	-472	-4
26300	-24	30	0
26400	-131	137	0
26500	-103	116	0
26600	-70	74	9
26700	-42	45	0
26800	-5	12	0
26900	12	-7	6
27000	21	-18	0
27100	27	-19	5
27200	0	12	6
27300	-39	51	-7
27400	-82	87	12
27500	-131	134	3
27600	-176	174	10
27700	-232	205	41
27800	-298	250	53
27900	12	-552	563
28000	12	-74	111
28100	5	90	-75
28200	10	78	-62
28300	8	50	-25
28400	8	25	-7
28500	12	0	24
28600	6	-20	41
28700	10	-16	31
28800	12	8	16
28900	0	41	-24
29000	12	83	-62
29100	9	126	-106
29200	8	177	-162
29300	12	223	-207
29400	-464	0	496
29500	34	9	-12
29600	145	4	-108
29700	117	7	-90
29800	86	9	-62
29900	51	5	-16
30000	14	8	9
30100	-4	12	31
30200	-24	-4	62
30300	-26	8	51
30400	19	6	15
30500	62	0	-25
30600	108	9	-91
30700	156	6	-123
30800	188	24	-180
30900	231	51	-250
31000	-522	534	12
31100	-11	33	0
31200	134	-107	-10
31300	116	-92	11
31400	76	-52	0
31500	48	-24	0
31600	25	0	16
31700	0	25	0
31800	1	31	0
31900	7	14	6
32000	37	-12	-4
32100	77	-52	8
32200	116	-98	0
32300	161	-135	2
32400	206	-176	8
32500	253	-232	0
32600	11	489	-490
32700	8	8	-6
32800	8	-109	104
32900	12	-96	99
33000	6	-58	58
33100	8	-24	23
33200	12	-2	7
33300	5	24	-30
33400	12	38	-42
33500	9	37	-29
33600	5	-3	-6
33700	12	-37	37
33800	8	-81	83
33900	8	-125	121
34000	25	-187	176
