# Time [us]	PORT_Mip_Acq_Curr_U	PORT_Mip_Acq_Curr_V	PORT_Mip_Acq_Curr_W
-----------	-------------------	-------------------	-------------------
0	-392	3	395
100	-444	0	451
200	-455	9	445
300	-431	3	440
400	-396	0	399
500	-350	9	342
600	-296	2	308
700	-255	17	251
800	-214	9	211
900	-188	4	193
1000	-190	8	181
1100	-194	6	198
1200	-219	0	225
1300	-266	9	255
1400	-320	3	324
1500	-394	7	399
1600	-472	12	464
1700	-557	2	565
1800	-655	0	650
1900	-758	6	751
2000	257	-247	4
2100	-305	314	0
2200	-458	464	0
2300	-526	534	12
2400	-555	567	0
2500	-544	549	0
2600	-515	524	6
2700	-477	489	0
2800	-430	435	8
2900	-388	395	2
3000	-339	349	0
3100	-296	300	9
3200	-268	275	0
3300	-246	257	0
3400	-244	250	8
3500	-253	269	0
3600	-286	292	0
3700	-331	340	8
3800	-394	406	-4
3900	-460	466	15
4000	-543	553	3
4100	-626	634	0
4200	-720	695	12
4300	-824	824	3
4400	-924	928	8
4500	9	-190	209
4600	8	309	-292
4700	12	438	-426
4800	7	508	-489
4900	8	528	-511
5000	12	506	-491
5100	5	486	-470
5200	13	444	-432
5300	12	398	-380
5400	5	361	-347
5500	12	313	-300
5600	6	282	-270
5700	8	267	-250
5800	12	250	-233
5900	5	266	-253
6000	9	286	-274
6100	9	327	-309
6200	8	386	-373
6300	12	446	-431
6400	6	527	-510
6500	12	618	-603
6600	9	708	-692
6700	5	824	-804
6800	-230	6	257
6900	309	5	-283
7000	450	9	-432
7100	517	4	-490
7200	527	8	-510
7300	524	8	-501
7400	489	4	-460
7500	437	8	-423
7600	393	6	-364
7700	335	8	-309
7800	282	12	-266
7900	248	4	-216
8000	211	8	-191
8100	205	9	-165
8200	215	-20	-185
8300	234	9	-221
8400	279	9	-252
8500	329	7	-309
8600	403	12	-387
8700	485	-7	-458
8800	564	9	-547
8900	669	8	-648
9000	773	8	-747
9100	-195	219	0
9200	341	-319	8
9300	483	-468	3
9400	553	-533	-4
9500	573	-558	7
9600	556	-543	0
9700	536	-505	0
9800	485	-471	6
9900	437	-418	-2
10000	393	-376	9
10100	343	-327	0
10200	308	-283	0
10300	277	-258	6
10400	257	-237	0
10500	265	-243	0
10600	277	-258	3
10700	308	-288	-5
10800	360	-342	9
10900	418	-403	0
11000	495	-473	-4
11100	570	-555	9
11200	653	-638	0
11300	757	-735	8
11400	843	-833	3
11500	10	244	-245
11600	12	-303	307
11700	5	-458	451
11800	10	-534	537
11900	8	-567	573
12000	8	-558	555
12100	12	-534	539
12200	7	-493	493
12300	10	-444	443
12400	12	-400	406
12500	5	-352	348
12600	7	-306	308
12700	12	-271	281
12800	10	-243	240
12900	14	-237	247
13000	5	-245	248
13100	8	-267	265
13200	12	-310	316
13300	5	-362	360
13400	10	-431	431
13500	12	-516	522
13600	5	-603	599
13700	12	-704	708
13800	8	-812	815
13900	205	12	-213
14000	-299	2	307
14100	-436	8	438
14200	-494	9	488
14300	-502	1	514
14400	-490	8	489
14500	-450	6	440
14600	-399	5	406
14700	-350	8	341
14800	-294	4	295
14900	-248	0	248
15000	-210	9	206
15100	-185	3	187
15200	-189	0	193
15300	-200	9	195
15400	-225	4	231
15500	-277	0	273
15600	-337	6	327
15700	-407	2	420
15800	-491	0	486
15900	-572	6	579
16000	-675	0	686
16100	250	-242	0
16200	-323	331	0
16300	-495	501	8
16400	-577	586	0
16500	-599	603	9
16600	-595	605	6
16700	-567	576	0
16800	-522	526	9
16900	-477	485	3
17000	-426	431	0
17100	-373	377	11
17200	-331	338	3
17300	-284	291	0
17400	-257	257	6
17500	-242	249	0
17600	-238	244	5
17700	-257	266	3
17800	-292	302	-4
17900	-338	344	7
18000	-408	411	3
18100	-479	489	2
18200	-559	563	12
18300	-652	663	3
18400	-746	750	5
18500	-847	849	12
18600	-953	954	6
18700	14	-188	205
18800	16	294	-277
18900	8	425	-411
19000	12	476	-462
19100	5	501	-485
19200	13	483	-469
19300	8	453	-437
19400	8	420	-406
19500	12	372	-356
19600	11	324	-319
19700	10	297	-287
19800	12	263	-248
19900	5	252	-238
20000	12	248	-232
20100	8	263	-244
20200	8	302	-290
20300	12	337	-331
20400	5	405	-386
20500	8	476	-464
20600	9	551	-536
20700	5	654	-634
20800	10	747	-735
20900	8	849	-835
21000	-232	7	248
21100	302	5	-274
21200	426	10	-409
21300	489	12	-471
21400	509	4	-477
21500	489	10	-476
21600	463	6	-439
21700	412	8	-386
21800	360	12	-345
21900	319	4	-284
22000	261	9	-244
22100	231	8	-210
22200	206	5	-178
22300	205	9	-191
22400	226	4	-200
22500	248	8	-225
22600	295	12	-279
22700	367	4	-336
22800	429	8	-412
22900	514	9	-503
23000	605	12	-584
23100	704	11	-692
23200	-196	215	0
23300	360	-342	6
23400	521	-501	-4
23500	599	-582	8
23600	614	-599	0
23700	613	-589	0
23800	575	-559	9
23900	527	-511	-6
24000	486	-464	7
24100	427	-413	3
24200	382	-359	0
24300	335	-316	8
24400	289	-272	0
24500	270	-247	0
24600	257	-239	9
24700	263	-243	0
24800	291	-266	0
24900	319	-300	0
25000	379	-356	-10
25100	444	-429	8
25200	514	-497	0
25300	602	-581	0
25400	684	-672	6
25500	785	-766	0
25600	889	-867	9
25700	5	248	-244
25800	10	-286	286
25900	12	-439	444
26000	5	-506	502
26100	13	-534	537
26200	8	-529	534
26300	8	-498	495
26400	13	-466	469
26500	4	-416	418
26600	11	-367	373
26700	12	-326	335
26800	5	-281	283
26900	11	-256	257
27000	7	-239	244
27100	8	-232	232
27200	12	-254	257
27300	7	-284	286
27400	12	-327	327
27500	12	-393	397
27600	5	-464	464
27700	14	-551	553
27800	6	-648	650
27900	10	-749	753
28000	16	-859	867
28100	203	8	-206
28200	-285	6	289
28300	-409	0	417
28400	-466	6	457
28500	-472	4	474
28600	-454	0	457
28700	-419	8	412
28800	-367	3	372
28900	-319	0	315
29000	-271	9	260
29100	-223	4	232
29200	-202	10	193
29300	-184	8	186
29400	-193	8	199
29500	-217	9	206
29600	-247	4	248
29700	-302	0	309
29800	-371	8	364
29900	-444	2	453
30000	-530	0	531
30100	-623	8	617
30200	-721	2	731
30300	250	-242	0
30400	-310	322	0
30500	-470	466	11
30600	-545	559	0
30700	-568	573	0
30800	-563	566	6
30900	-535	547	0
31000	-489	497	9
31100	-449	456	3
31200	-400	412	-2
31300	-348	353	8
31400	-310	319	0
31500	-269	278	0
31600	-244	253	6
31700	-245	251	0
31800	-246	254	0
31900	-277	282	3
32000	-316	325	-4
32100	-367	374	16
32200	-437	450	3
32300	-516	528	8
32400	-601	598	12
32500	-696	702	0
32600	-792	793	8
32700	-891	895	12
32800	8	-186	198
32900	12	309	-294
33000	7	455	-438
33100	10	522	-507
33200	9	537	-522
33300	5	534	-515
33400	10	497	-482
33500	8	456	-441
33600	5	419	-407
33700	12	364	-352
33800	5	327	-309
33900	0	291	-261
34000	6	263	-238
