# Time [us]	PORT_Mip_Volt_DCLink	PORT_Mip_Acq_Curr_V	PORT_Mip_Acq_Curr_W
-----------	--------------------	-------------------	-------------------
0	9867	10	9
100	9912	49	6
200	9932	96	8
300	9867	134	11
400	9861	178	12
500	9867	212	34
600	9829	248	64
700	9861	-552	563
800	9893	-95	116
900	9861	82	-61
1000	9906	80	-65
1100	9880	44	-24
1200	9861	20	0
1300	9906	0	2
1400	9867	-20	45
1500	9912	-16	32
1600	9893	12	10
1700	9874	41	-22
1800	9899	90	-73
1900	9867	127	-110
2000	9861	179	-159
2100	9887	232	-215
2200	9867	0	497
2300	9861	8	0
2400	9899	6	-110
2500	9867	-13	-82
2600	9861	9	-58
2700	9893	6	-15
2800	9854	0	19
2900	9861	9	33
3000	9880	2	63
3100	9861	0	54
3200	9925	12	5
3300	9880	5	-28
3400	9861	10	-87
3500	9880	12	-132
3600	9835	24	-180
3700	9861	53	-251
3800	9893	541	10
3900	9867	37	6
4000	9899	-101	-4
4100	9874	-87	0
4200	9861	-52	3
4300	9899	-17	0
4400	9867	4	9
4500	9861	29	0
4600	9932	32	0
4700	9880	10	9
4800	9861	-4	0
4900	9919	-55	0
5000	9835	-97	6
5100	9887	-135	-4
5200	9867	-187	6
5300	9861	-239	0
5400	9893	493	-497
5500	9867	15	-14
5600	9861	-103	103
5700	9893	-91	89
5800	9867	-55	58
5900	9861	-20	15
6000	9880	1	-1
6100	9861	24	-25
6200	9919	41	-45
6300	9867	28	-29
6400	9861	0	0
6500	9893	-41	37
6600	9848	-91	91
6700	9861	-132	128
6800	9880	-193	176
6900	9848	-253	214
7000	9893	16	-556
7100	9893	4	-53
7200	9912	8	96
7300	9919	9	74
7400	9874	2	48
7500	9861	8	3
7600	9932	6	-20
7700	9867	0	-35
7800	9861	12	-56
7900	9893	5	-26
8000	9861	8	16
8100	9893	9	57
8200	9867	2	115
8300	9861	8	148
8400	9893	8	205
8500	9867	-471	11
8600	9861	58	0
8700	9899	145	0
8800	9848	118	6
8900	9861	90	0
9000	9874	51	8
9100	9854	21	6
9200	9899	0	-4
9300	9893	-23	8
9400	9861	-15	0
9500	9919	8	5
9600	9842	31	6
9700	9861	85	0
9800	9893	124	0
9900	9861	163	12
10000	9861	206	21
10100	9867	234	57
10200	9861	-548	567
10300	9919	-64	82
10400	9867	99	-78
10500	9861	91	-74
10600	9919	58	-39
10700	9874	21	-3
10800	9861	0	11
10900	9893	-18	37
11000	9835	-26	45
11100	9887	3	13
11200	9867	31	-11
11300	9861	73	-56
11400	9893	119	-110
11500	9867	160	-140
11600	9861	217	-201
11700	9893	6	489
11800	9867	5	-22
11900	9861	9	-127
12000	9867	4	-95
12100	9861	8	-64
12200	9919	9	-29
12300	9867	0	14
12400	9861	12	32
12500	9880	6	50
12600	9835	5	64
12700	9861	9	23
12800	9893	4	-16
12900	9848	0	-70
13000	9861	9	-123
13100	9867	17	-168
13200	9848	44	-230
13300	9906	534	8
13400	9867	11	9
13500	9861	-114	0
13600	9932	-95	0
13700	9874	-68	9
13800	9912	-22	0
13900	9893	0	16
14000	9848	24	1
14100	9893	33	-4
14200	9867	16	10
14300	9861	-7	0
14400	9893	-41	-7
14500	9867	-91	8
14600	9861	-125	0
14700	9893	-172	0
14800	9848	-226	8
14900	9861	493	-492
15000	9893	-7	7
15100	9861	-118	119
15200	9919	-95	95
15300	9867	-68	66
15400	9861	-26	25
15500	9880	0	-1
15600	9848	18	-17
15700	9861	40	-45
15800	9893	35	-39
15900	9861	0	-6
16000	9906	-25	23
16100	9874	-78	78
16200	9861	-120	122
16300	9893	-174	163
16400	9867	-239	209
16500	9861	15	-547
16600	9925	12	-36
16700	9867	5	111
16800	9861	10	82
16900	9893	6	57
17000	9848	0	19
17100	9893	9	-20
17200	9874	4	-33
17300	9861	8	-51
17400	9899	9	-42
17500	9867	5	9
17600	9861	14	45
17700	9899	9	95
17800	9867	12	143
17900	9861	9	180
18000	9893	-464	0
18100	9867	76	6
18200	9925	164	0
18300	9919	124	0
18400	9861	95	6
18500	9887	61	-4
18600	9867	21	0
18700	9861	0	0
18800	9906	-16	-7
18900	9867	-28	8
19000	9861	-2	0
19100	9893	29	0
19200	9854	63	6
19300	9861	117	0
19400	9880	152	10
19500	9861	192	29
19600	9912	235	42
19700	9893	-545	566
19800	9861	-48	64
19900	9906	116	-94
20000	9867	102	-74
20100	9861	66	-50
20200	9893	29	-13
20300	9848	0	19
20400	9861	-12	28
20500	9893	-25	47
20600	9861	-8	32
20700	9899	29	-13
20800	9867	57	-40
20900	9861	111	-90
21000	9893	154	-129
21100	9867	198	-175
21200	9861	265	-248
21300	9919	3	508
21400	9867	0	58
21500	9861	9	-91
21600	9867	2	-65
21700	9707	7	-32
21800	9899	6	-2
21900	9867	2	32
22000	9861	8	51
22100	9893	6	62
22200	9867	5	41
22300	9861	9	-19
22400	9880	6	-59
22500	9835	5	-107
22600	9932	22	-163
22700	9880	36	-215
22800	9861	531	13
22900	9932	0	11
23000	9867	-132	9
23100	9861	-101	0
23200	9867	-69	0
23300	9854	-34	6
23400	9893	1	-4
23500	9874	15	7
23600	9835	31	1
23700	9899	29	-4
23800	9867	-7	6
23900	9861	-33	0
24000	9893	-80	0
24100	9867	-120	6
24200	9912	-161	0
24300	9874	-211	0
24400	9861	489	-483
24500	9893	-19	14
24600	9867	-130	132
24700	9835	-103	104
24800	9899	-70	66
24900	9867	-39	40
25000	9861	-4	0
25100	9893	17	-16
25200	9848	34	-29
25300	9861	43	-42
25400	9893	13	-10
25500	9861	-26	25
25600	9925	-61	60
25700	9880	-116	117
25800	9861	-161	154
25900	9893	-222	186
26000	9835	0	-538
26100	9861	14	-19
26200	9893	6	115
26300	9867	0	103
26400	9899	9	52
26500	9880	7	24
26600	9861	8	-9
26700	9906	9	-39
26800	9867	4	-48
26900	9861	8	-48
27000	9919	12	-2
27100	9867	4	45
27200	9861	9	83
27300	9919	6	126
27400	9867	5	180
27500	9861	9	228
27600	9867	-480	0
27700	9861	0	3
27800	9906	119	0
27900	9874	95	9
28000	9861	67	1
28100	9899	33	-2
28200	9867	2	8
28300	9861	-11	0
28400	9906	-24	0
28500	9867	-13	7
28600	9912	26	0
28700	9919	58	0
28800	9861	108	8
28900	9912	154	0
29000	9867	184	24
29100	9835	224	41
29200	9893	-533	547
29300	9867	-29	49
29400	9861	126	-109
29500	9893	106	-85
29600	9867	66	-45
29700	9861	40	-25
29800	9880	7	10
29900	9848	-13	32
30000	9861	-19	34
30100	9874	-16	37
30200	9887	21	0
30300	9919	54	-42
30400	9867	95	-75
30500	9861	146	-132
30600	9874	190	-174
30700	9835	250	-228
30800	9861	12	492
30900	9893	3	34
31000	9861	0	-90
31100	9906	9	-84
31200	9867	4	-37
31300	9861	8	0
31400	9893	6	18
31500	9867	4	51
31600	9861	8	54
31700	9919	8	44
31800	9861	0	0
31900	9899	12	-56
32000	9867	4	-94
32100	9848	15	-145
32200	9893	38	-207
32300	9867	511	27
32400	9861	-30	9
32500	9919	-138	0
32600	9867	-111	6
32700	9861	-72	0
32800	9880	-42	0
32900	9854	-10	6
33000	9912	20	-4
33100	9867	26	7
33200	9861	31	0
33300	9919	6	0
33400	9867	-26	7
33500	9861	-66	0
33600	9867	-111	0
33700	9835	-155	9
33800	9861	-196	-4
33900	9867	-263	0
34000	9861	501	-499
