# Time [us]	PORT_Mip_Acq_Curr_U	PORT_Mip_Acq_Curr_V	PORT_Mip_Acq_Curr_W
-----------	-------------------	-------------------	-------------------
0	8	199	-193
100	12	190	-182
200	7	189	-178
300	8	186	-178
400	12	176	-164
500	7	178	-167
600	12	174	-161
700	9	160	-154
800	5	167	-159
900	11	161	-149
1000	8	160	-146
1100	8	161	-155
1200	12	154	-150
1300	5	163	-148
1400	10	157	-152
1500	12	153	-143
1600	5	163	-153
1700	12	161	-149
1800	8	163	-149
1900	8	172	-164
2000	12	172	-161
2100	6	179	-170
2200	8	193	-181
2300	12	192	-177
2400	5	205	-199
2500	8	219	-210
2600	-74	5	96
2700	108	12	-108
2800	154	4	-136
2900	169	8	-154
3000	179	9	-174
3100	193	4	-171
3200	186	8	-179
3300	189	7	-181
3400	186	5	-164
3500	178	12	-172
3600	178	6	-161
3700	170	5	-154
3800	166	12	-162
3900	168	4	-149
4000	161	8	-151
4100	163	9	-155
4200	161	2	-141
4300	158	9	-153
4400	165	6	-149
4500	161	0	-145
4600	163	9	-153
4700	168	4	-146
4800	163	7	-148
4900	166	9	-158
5000	177	1	-153
5100	166	9	-161
5200	175	7	-161
5300	180	5	-157
5400	163	9	-170
5500	180	4	-161
5600	180	0	-165
5700	186	12	-178
5800	186	5	-169
5900	185	13	-178
6000	191	6	-176
6100	193	0	-174
6200	186	9	-183
6300	194	4	-176
6400	190	5	-177
6500	192	9	-182
6600	196	4	-178
6700	189	7	-180
6800	192	9	-181
6900	190	0	-170
7000	186	9	-180
7100	190	6	-171
7200	186	0	-170
7300	184	6	-174
7400	186	5	-163
7500	173	10	-167
7600	178	9	-165
7700	174	4	-154
7800	166	9	-162
7900	172	6	-155
8000	167	5	-151
8100	163	9	-158
8200	167	2	-144
8300	158	8	-146
8400	160	8	-149
8500	167	2	-138
8600	157	9	-148
8700	160	8	-145
8800	161	0	-138
8900	160	16	-153
9000	164	4	-145
9100	160	8	-151
9200	166	7	-155
9300	170	2	-149
9400	166	9	-162
9500	181	6	-161
9600	180	5	-163
9700	186	9	-178
9800	199	5	-176
9900	199	8	-191
10000	215	12	-207
10100	225	4	-203
10200	-60	84	0
10300	130	-109	0
10400	174	-158	6
10500	202	-186	0
10600	227	-209	0
10700	232	-219	6
10800	240	-222	-4
10900	244	-228	6
11000	236	-223	0
11100	242	-219	0
11200	238	-223	7
11300	231	-215	0
11400	236	-215	0
11500	232	-215	6
11600	228	-211	0
11700	232	-210	7
11800	221	-211	0
11900	229	-206	-1
12000	232	-197	6
12100	228	-212	0
12200	236	-217	0
12300	233	-219	3
12400	237	-219	-4
12500	244	-227	0
12600	238	-232	3
12700	250	-230	-2
12800	257	-242	8
12900	253	-241	0
13000	267	-244	0
13100	270	-252	6
13200	269	-253	0
13300	284	-263	0
13400	278	-268	3
13500	287	-269	-2
13600	290	-277	8
13700	289	-277	0
13800	298	-280	0
13900	296	-284	6
14000	298	-282	-5
14100	309	-290	0
14200	299	-286	6
14300	305	-286	-2
14400	309	-294	8
14500	295	-286	0
14600	308	-290	0
14700	302	-287	6
14800	302	-294	-3
14900	309	-292	8
15000	297	-284	1
15100	302	-281	-10
15200	299	-284	8
15300	292	-278	0
15400	295	-277	0
15500	290	-184	6
15600	282	-269	0
15700	285	-271	7
15800	277	-265	0
15900	279	-257	-10
16000	277	-260	8
16100	266	-252	0
16200	269	-251	0
16300	261	-247	6
16400	257	-241	-7
16500	257	-240	0
16600	247	-232	1
16700	247	-228	-16
16800	244	-229	8
16900	234	-222	0
17000	238	-219	0
17100	232	-219	9
17200	231	-212	0
17300	235	-215	8
17400	225	-213	0
17500	229	-206	0
17600	232	-219	12
17700	224	-207	0
17800	228	-206	0
17900	225	-213	6
18000	229	-212	0
18100	235	-219	7
18200	232	-219	3
18300	237	-221	0
18400	248	-232	8
18500	247	-233	0
18600	261	-241	0
18700	264	-248	6
18800	269	-254	0
18900	286	-267	0
19000	7	82	-70
19100	8	-109	113
19200	12	-168	178
19300	5	-198	206
19400	11	-219	231
19500	12	-240	252
19600	8	-240	244
19700	11	-248	257
19800	6	-252	261
19900	8	-248	250
20000	12	-252	260
20100	7	-248	257
20200	10	-243	248
20300	12	-245	259
20400	5	-245	248
20500	11	-244	250
20600	12	-245	254
20700	5	-241	244
20800	12	-244	250
20900	8	-247	257
21000	8	-244	247
21100	12	-251	261
21200	7	-252	257
21300	10	-249	253
21400	12	-255	265
21500	8	-252	259
21600	13	-256	257
21700	8	-259	267
21800	8	-259	258
21900	12	-264	273
22000	6	-265	270
22100	10	-264	266
22200	12	-271	279
22300	5	-268	271
22400	10	-267	266
22500	9	-273	283
22600	5	-267	270
22700	13	-269	279
22800	8	-271	283
22900	8	-264	266
23000	12	-266	275
23100	8	-265	267
23200	10	-257	263
23300	9	-258	270
23400	5	-250	257
23500	12	-248	253
23600	9	-245	257
23700	5	-236	239
23800	12	-234	244
23900	8	-228	238
24000	12	-219	221
24100	12	-219	229
24200	6	-210	215
24300	12	-203	205
24400	12	-200	212
24500	8	-188	194
24600	14	-183	192
24700	12	-181	193
24800	8	-167	173
24900	12	-169	177
25000	7	-160	167
25100	11	-154	153
25200	12	-155	164
25300	5	-143	148
25400	9	-141	147
25500	9	-136	148
25600	8	-128	132
25700	12	-128	137
25800	7	-123	132
25900	8	-119	121
26000	12	-126	132
26100	5	-120	124
26200	12	-119	137
26300	12	-129	132
26400	5	-117	122
26500	11	-127	134
26600	6	-131	141
26700	8	-132	136
26800	12	-142	153
26900	6	-149	156
27000	10	-154	160
27100	12	-169	178
27200	5	-176	181
27300	91	7	-84
27400	-96	18	110
27500	-142	9	131
27600	-138	4	153
27700	-153	0	161
27800	-150	12	153
27900	-146	2	163
28000	-149	8	154
28100	-139	6	152
28200	-135	2	149
28300	-132	8	132
28400	-125	6	131
28500	-122	0	132
28600	-118	12	119
28700	-112	6	126
28800	-114	0	122
28900	-111	9	113
29000	-109	4	121
29100	-113	8	116
29200	-111	9	115
29300	-109	4	125
29400	-116	10	116
29500	-111	6	121
29600	-116	5	128
29700	-123	8	121
29800	-117	4	134
29900	-124	5	135
30000	-129	9	131
30100	-128	2	145
30200	-136	0	143
30300	-136	6	115
30400	-140	2	154
30500	-149	9	149
30600	-145	4	153
30700	-148	5	162
30800	-161	16	156
30900	-153	4	166
31000	-159	0	167
31100	-158	9	163
31200	-157	4	174
31300	-165	8	169
31400	-165	8	166
31500	-164	2	178
31600	-166	6	170
31700	-164	6	176
31800	-164	12	180
31900	-168	9	168
32000	-162	6	173
32100	-165	0	177
32200	-168	9	166
32300	-161	4	176
32400	-165	0	174
32500	-161	9	165
32600	-159	2	170
32700	-163	8	167
32800	-158	9	173
32900	-154	8	174
33000	-163	8	164
33100	-157	6	169
33200	-161	5	174
33300	-168	9	163
33400	-161	4	174
33500	-167	0	180
33600	-168	12	168
33700	-167	4	184
33800	-176	0	180
33900	-173	6	166
34000	-177	2	194
