# Time [us]	PORT_Mip_Acq_Curr_U	PORT_Mip_Acq_Curr_V	PORT_Mip_Acq_Curr_W
-----------	-------------------	-------------------	-------------------
0	58	2	-33
100	53	8	-43
200	63	8	-42
300	67	4	-45
400	68	8	-59
500	78	4	-58
600	-112	128	6
700	76	-54	0
800	90	-69	0
900	78	-62	3
1000	76	-56	-2
1100	77	-58	8
1200	63	-45	0
1300	64	-43	0
1400	59	-45	8
1500	50	-35	0
1600	54	-36	0
1700	46	-29	3
1800	47	-25	-2
1900	46	-28	8
2000	38	-21	0
2100	41	-20	0
2200	38	-13	12
2300	34	-16	0
2400	38	-18	0
2500	32	-16	9
2600	31	-8	0
2700	38	-15	0
2800	25	-8	0
2900	33	-11	-23
3000	32	-13	9
3100	26	-8	0
3200	32	-12	0
3300	29	-13	6
3400	24	-11	0
3500	35	-16	0
3600	33	-15	6
3700	34	-12	-4
3800	38	-21	7
3900	39	-20	3
4000	41	-19	0
4100	41	-26	12
4200	41	-24	0
4300	49	-35	0
4400	45	-29	8
4500	47	-29	0
4600	54	-37	7
4700	52	-39	3
4800	57	-38	-2
4900	61	-45	8
5000	59	-45	0
5100	68	-48	0
5200	70	-53	6
5300	73	-53	0
5400	82	-62	0
5500	80	-65	9
5600	82	-67	-4
5700	12	128	-125
5800	2	-57	58
5900	12	-67	70
6000	9	-60	77
6100	5	-56	62
6200	12	-57	63
6300	8	-52	59
6400	8	-45	49
6500	12	-49	55
6600	7	-41	51
6700	11	-38	20
6800	12	-42	49
6900	5	-34	35
7000	11	-35	37
7100	12	-33	39
7200	5	-24	30
7300	14	-31	37
7400	4	-26	32
7500	8	-24	24
7600	12	-28	34
7700	5	-21	25
7800	11	-19	28
7900	12	-29	33
8000	5	-18	22
8100	11	-19	24
8200	8	-20	29
8300	8	-12	16
8400	13	-20	24
8500	8	-15	25
8600	12	-11	16
8700	19	-20	29
8800	7	-11	20
8900	11	-19	23
9000	9	-20	29
9100	8	-17	20
9200	11	-21	29
9300	6	-20	29
9400	8	-19	23
9500	12	-27	35
9600	6	-26	32
9700	12	-35	28
9800	12	-34	43
9900	5	-33	33
10000	11	-35	41
10100	9	-42	51
10200	8	-38	42
10300	12	-47	56
10400	7	-52	58
10500	10	-51	57
10600	12	-65	71
10700	5	-65	67
10800	132	9	-120
10900	-49	12	61
11000	-60	9	58
11100	-53	6	63
11200	-50	0	59
11300	-45	12	44
11400	-38	6	49
11500	-38	0	45
11600	-33	12	31
11700	-25	2	41
11800	-31	16	29
11900	-23	6	24
12000	-22	18	32
12100	-33	9	19
12200	-14	4	24
12300	-16	5	25
12400	-13	9	12
12500	-9	3	20
12600	-11	8	14
12700	-7	8	10
12800	0	4	19
12900	-8	7	6
13000	-3	6	8
13100	0	0	14
13200	2	9	4
13300	-1	6	12
13400	-8	0	16
13500	-7	9	5
13600	-6	4	17
13700	-12	8	12
13800	-8	9	16
13900	-12	4	25
14000	-20	8	16
14100	-12	7	21
14200	-19	0	29
14300	-26	9	22
14400	-23	4	34
14500	-32	0	41
14600	-33	12	33
14700	-29	5	43
14800	-42	10	41
14900	-39	6	47
15000	-41	4	54
15100	-52	9	48
15200	-48	6	57
15300	-57	5	66
15400	134	-122	0
15500	-58	70	8
15600	-71	82	6
15700	-65	83	-2
15800	-58	71	7
15900	-60	71	0
16000	-52	67	0
16100	-48	60	6
16200	-55	61	0
16300	-37	51	0
16400	-41	50	6
16500	-39	51	0
16600	-32	43	7
16700	-35	44	3
16800	-29	45	-2
16900	-25	37	8
17000	-29	41	0
17100	-23	38	-4
17200	-22	33	6
17300	-26	35	0
17400	-19	32	0
17500	-22	31	9
17600	-20	38	0
17700	-20	29	0
17800	-20	31	3
17900	-16	32	-2
18000	-12	24	8
18100	-26	32	0
18200	-14	29	0
18300	-16	28	6
18400	-26	33	0
18500	-16	29	0
18600	-19	31	8
18700	-20	35	-2
18800	-19	31	7
18900	-25	37	3
19000	-21	38	0
19100	-22	34	7
19200	-29	45	0
19300	-27	39	0
19400	-32	44	8
19500	-33	48	0
19600	-33	46	0
19700	-38	50	3
19800	-41	58	-4
19900	-41	55	5
20000	-49	60	3
20100	-52	64	0
20200	-51	63	8
20300	-60	72	0
20400	-60	77	0
20500	-67	76	12
20600	-78	90	0
20700	14	-117	128
20800	8	63	-49
20900	8	77	-66
21000	12	66	-53
21100	7	68	-57
21200	12	64	-42
21300	12	53	-43
21400	5	57	-49
21500	11	51	-39
21600	8	47	-32
21700	8	51	-42
21800	12	42	-29
21900	7	42	-25
22000	10	41	-33
22100	12	34	-22
22200	8	37	-25
22300	11	38	-26
22400	12	31	-16
22500	5	33	-25
22600	11	29	-16
22700	6	31	-16
22800	8	32	-20
22900	12	24	-7
23000	6	29	-12
23100	11	29	-16
23200	12	21	-8
23300	5	29	-17
23400	11	26	-15
23500	12	23	-9
23600	8	32	-22
23700	12	25	-13
23800	4	24	-14
23900	12	32	-26
24000	12	31	-16
24100	5	37	-25
24200	11	35	-26
24300	9	31	-19
24400	5	40	-35
24500	12	38	-28
24600	7	44	-29
24700	8	51	-42
24800	14	46	-33
24900	7	50	-38
25000	11	58	-47
25100	12	55	-41
25200	8	64	-58
25300	13	58	-53
25400	7	70	-58
25500	8	80	-68
25600	-119	2	142
25700	68	7	-51
25800	81	7	-55
25900	77	5	-53
26000	68	9	-58
26100	69	6	-52
26200	61	5	-41
26300	57	12	-45
26400	58	4	-34
26500	48	10	-35
26600	50	9	-23
26700	51	-10	-24
26800	41	12	-33
26900	45	4	-26
27000	38	5	-19
27100	37	9	-23
27200	38	4	-13
27300	31	7	-19
27400	34	6	-26
27500	32	-4	-8
27600	28	9	-18
27700	32	6	-10
27800	29	0	-9
27900	24	9	-15
28000	29	4	-7
28100	24	8	-12
28200	28	12	-13
28300	32	5	-3
28400	23	12	-22
28500	30	4	-10
28600	29	0	-9
28700	31	9	-20
28800	35	4	-8
28900	32	8	-17
29000	37	9	-21
29100	38	2	-14
29200	35	7	-25
29300	45	6	-26
29400	51	0	-22
29500	47	12	-37
29600	53	4	-33
29700	51	0	-32
29800	50	12	-45
29900	64	2	-39
30000	60	8	-51
30100	69	6	-53
30200	77	24	-49
30300	74	9	-66
30400	-110	128	0
30500	72	-58	6
30600	82	-61	0
30700	83	-63	8
30800	72	-58	3
30900	70	-48	-2
31000	67	-52	9
31100	57	-41	0
31200	60	-47	5
31300	51	-45	14
31400	49	-32	0
31500	52	-32	12
31600	45	-28	6
31700	42	-22	-2
31800	45	-25	5
31900	36	-20	3
32000	37	-17	-2
32100	38	-21	8
32200	33	-16	0
32300	35	-16	0
32400	33	-7	8
32500	18	-8	0
32600	33	-15	0
32700	29	-13	6
32800	29	-9	-4
32900	32	-15	0
33000	28	-10	0
33100	31	-9	-2
33200	35	-18	7
33300	29	-14	0
33400	35	-16	0
33500	38	-23	12
33600	34	-17	0
33700	43	-19	0
33800	35	-20	6
33900	42	-19	-4
34000	45	-29	7
