# Time [us]	PORT_Mip_Acq_Curr_U	PORT_Mip_Acq_Curr_V	PORT_Mip_Acq_Curr_W
-----------	-------------------	-------------------	-------------------
0	73	8	-84
100	83	4	-58
200	73	8	-66
300	74	6	-55
400	67	5	-46
500	63	12	-53
600	62	4	-39
700	53	0	-37
800	50	9	-42
900	54	4	-30
1000	46	8	-34
1100	49	8	-21
1200	51	-4	-16
1300	37	8	-25
1400	41	6	-26
1500	35	0	-16
1600	34	9	-23
1700	38	4	-13
1800	29	7	-12
1900	31	0	-20
2000	32	1	-7
2100	25	0	-12
2200	29	7	-16
2300	29	4	-5
2400	23	12	-12
2500	29	6	-10
2600	29	0	-3
2700	24	12	-16
2800	32	4	-7
2900	29	0	-6
3000	31	9	-18
3100	35	4	-10
3200	30	8	-16
3300	34	8	-23
3400	38	2	-10
3500	36	8	-24
3600	44	6	-29
3700	45	0	-22
3800	44	9	-34
3900	53	6	-31
4000	53	5	-32
4100	57	9	-45
4200	65	4	-39
4300	62	8	-49
4400	66	12	-58
4500	77	4	-51
4600	74	10	-64
4700	-110	133	0
4800	77	-68	6
4900	81	-62	0
5000	82	-63	0
5100	77	-58	6
5200	70	-49	0
5300	69	-51	8
5400	59	-42	1
5500	57	-38	0
5600	54	-42	12
5700	52	-30	0
5800	50	-25	0
5900	51	-29	6
6000	41	-22	0
6100	45	-24	0
6200	38	-26	6
6300	37	-17	-4
6400	38	-20	7
6500	32	-15	3
6600	34	-12	-4
6700	33	-18	9
6800	29	-13	1
6900	31	-12	-8
7000	32	-15	9
7100	24	-8	0
7200	31	-11	0
7300	29	-13	7
7400	24	-9	0
7500	33	-14	0
7600	30	-15	9
7700	31	-12	0
7800	38	-19	0
7900	33	-26	6
8000	37	-17	-4
8100	41	-23	7
8200	37	-20	1
8300	44	-22	0
8400	45	-29	9
8500	41	-26	0
8600	55	-32	0
8700	53	-44	6
8800	50	-32	-6
8900	64	-41	0
9000	58	-42	6
9100	63	-45	0
9200	70	-52	5
9300	68	-52	0
9400	76	-56	5
9500	80	-65	8
9600	81	-65	0
9700	92	-70	0
9800	9	134	-125
9900	5	-53	55
10000	13	-64	73
10100	9	-62	70
10200	8	-51	58
10300	12	-57	63
10400	5	-52	54
10500	10	-47	49
10600	12	-49	57
10700	5	-39	45
10800	10	-38	44
10900	9	-39	48
11000	8	-33	36
11100	11	-34	41
11200	8	-33	41
11300	8	-25	30
11400	4	-29	36
11500	8	-26	38
11600	8	-19	24
11700	16	-26	35
11800	7	-20	32
11900	11	-19	28
12000	12	-23	32
12100	5	-16	20
12200	11	-18	24
12300	9	-26	29
12400	5	-14	19
12500	11	-16	23
12600	6	-16	29
12700	5	-12	16
12800	20	-18	24
12900	7	-16	25
13000	8	-12	18
13100	12	-20	29
13200	8	-18	25
13300	12	-19	21
13400	12	-26	30
13500	5	-21	25
13600	11	-24	31
13700	9	-28	38
13800	5	-25	28
13900	12	-33	37
14000	12	-34	45
14100	8	-35	36
14200	12	-42	50
14300	8	-42	51
14400	8	-45	46
14500	14	-55	65
14600	8	-56	64
14700	10	-62	62
14800	12	-71	84
14900	128	10	-133
15000	-49	6	55
15100	-58	5	67
15200	-55	9	53
15300	-46	6	56
15400	-45	7	51
15500	-39	9	39
15600	-32	5	44
15700	-34	8	38
15800	-29	9	29
15900	-25	4	43
16000	-27	8	29
16100	-20	9	24
16200	-16	4	27
16300	-20	13	19
16400	-12	6	16
16500	-12	8	25
16600	-4	9	9
16700	-6	4	16
16800	-9	5	16
16900	-7	9	4
17000	-4	4	14
17100	-8	8	12
17200	-7	12	5
17300	0	5	16
17400	-8	8	12
17500	-7	8	8
17600	-6	2	17
17700	-13	9	8
17800	-8	6	15
17900	-12	8	22
18000	-16	8	12
18100	-9	8	23
18200	-19	5	29
18300	-26	9	20
18400	-19	5	31
18500	-31	0	38
18600	-33	12	31
18700	-29	4	42
18800	-38	10	40
18900	-36	6	28
19000	-37	4	52
19100	-49	10	45
19200	-46	6	50
19300	-51	8	64
19400	-62	9	59
19500	139	-125	0
19600	-61	73	8
19700	-71	84	0
19800	-62	75	5
19900	-62	73	6
20000	-58	72	-4
20100	-51	62	0
20200	-54	63	6
20300	-42	58	-8
20400	-38	50	-1
20500	-42	53	0
20600	-34	51	0
20700	-32	57	8
20800	-39	48	0
20900	-28	41	0
21000	-25	37	6
21100	-29	41	0
21200	-22	35	7
21300	-25	36	6
21400	-21	38	-4
21500	-17	31	9
21600	-20	29	3
21700	-20	35	18
21800	-12	28	9
21900	-20	33	0
22000	-15	29	0
22100	-16	24	6
22200	-16	30	0
22300	-14	26	0
22400	-17	28	6
22500	-16	32	0
22600	-12	28	8
22700	-19	33	6
22800	-20	35	0
22900	-19	31	8
23000	-25	36	0
23100	-23	38	-2
23200	-22	34	10
23300	-29	40	0
23400	-31	45	0
23500	-32	44	6
23600	-42	49	0
23700	-34	46	0
23800	-38	50	6
23900	-42	58	0
24000	-41	53	8
24100	-49	60	6
24200	-52	67	0
24300	-51	63	8
24400	-63	74	3
24500	-65	78	-13
24600	-64	76	8
24700	-66	91	0
24800	15	-114	128
24900	8	63	-48
25000	8	77	-67
25100	12	69	-55
25200	7	66	-51
25300	8	64	-55
25400	12	55	-41
25500	7	56	-45
25600	10	58	-45
25700	12	49	-32
25800	7	49	-38
25900	12	45	-39
26000	12	37	-27
26100	5	41	-35
26200	16	38	-26
26300	9	34	-19
26400	5	36	-29
26500	12	29	-20
26600	8	31	-19
26700	8	32	-26
26800	12	26	-13
26900	7	29	-17
27000	10	29	-20
27100	12	23	-11
27200	2	29	-17
27300	11	25	-16
27400	12	24	-9
27500	2	29	-21
27600	12	25	-13
27700	6	24	-12
27800	8	33	-26
27900	12	26	-15
28000	7	37	-19
28100	10	35	-26
28200	12	31	-16
28300	5	35	-25
28400	10	38	-26
28500	8	41	-22
28600	5	44	-32
28700	12	42	-33
28800	8	47	-32
28900	8	52	-44
29000	12	51	-39
29100	6	57	-43
29200	12	64	-52
29300	12	60	-45
29400	8	74	-61
29500	10	77	-71
29600	12	74	-62
29700	-123	9	132
29800	74	9	-53
29900	80	8	-56
30000	73	9	-63
30100	74	6	-52
30200	66	5	-49
30300	62	9	-53
30400	64	4	-39
30500	51	8	-38
30600	50	12	-39
30700	54	2	-29
30800	46	0	-35
30900	49	6	-29
31000	45	0	-19
31100	37	9	-29
31200	41	4	-21
31300	35	5	-19
31400	34	9	-23
31500	38	2	-13
31600	29	0	-12
31700	31	12	-20
31800	30	4	-10
31900	25	8	-12
32000	28	9	-16
32100	29	2	-4
32200	24	0	-12
32300	31	6	-10
32400	27	5	-3
32500	23	9	-16
32600	30	4	-7
32700	26	5	-9
32800	31	9	-16
32900	35	4	-8
33000	32	8	-16
33100	36	9	-20
33200	40	4	-13
33300	36	9	-25
33400	44	8	-29
33500	51	8	-20
33600	48	9	-38
33700	54	6	-33
33800	51	0	-34
33900	57	12	-45
34000	64	5	-37
