# Time [us]	PORT_Mip_Acq_Curr_U	PORT_Mip_Acq_Curr_V	PORT_Mip_Acq_Curr_W
-----------	-------------------	-------------------	-------------------
0	-20	4	61
100	-26	0	54
200	12	6	15
300	64	2	-19
400	108	9	-87
500	153	6	-123
600	186	24	-174
700	224	51	-244
800	-520	532	15
900	-9	31	6
1000	134	-107	-4
1100	117	-94	10
1200	77	-53	1
1300	50	-22	-2
1400	22	0	8
1500	-2	25	0
1600	0	29	0
1700	6	12	6
1800	31	-8	0
1900	78	-50	8
2000	116	-94	6
2100	159	-132	-4
2200	206	-183	7
2300	252	-232	0
2400	10	493	-505
2500	12	5	-5
2600	5	-111	106
2700	10	-95	92
2800	9	-62	64
2900	8	-22	20
3000	12	0	0
3100	7	24	-22
3200	8	45	-47
3300	12	29	-30
3400	2	0	0
3500	10	-35	34
3600	8	-84	87
3700	5	-125	122
3800	26	-186	166
3900	45	-248	212
4000	526	16	-554
4100	41	6	-45
4200	-107	5	103
4300	-91	9	76
4400	-54	4	49
4500	-20	8	6
4600	8	9	-21
4700	33	4	-37
4800	37	10	-51
4900	24	9	-39
5000	-19	2	19
5100	-66	10	51
5200	-106	8	102
5300	-151	0	148
5400	-207	12	186
5500	476	-468	0
5600	-59	63	3
5700	-145	154	-2
5800	-115	121	7
5900	-87	89	0
6000	-45	58	-2
6100	-12	18	10
6200	2	0	0
6300	28	-16	-1
6400	27	-26	12
6500	2	3	0
6600	-25	32	0
6700	-70	74	6
6800	-116	125	-7
6900	-157	157	10
7000	-219	198	25
7100	-274	238	44
7200	12	-546	564
7300	5	-57	77
7400	10	109	-110
7500	12	89	-70
7600	4	63	-45
7700	9	25	-7
7800	14	0	20
7900	5	-11	29
8000	12	-25	44
8100	6	-2	20
8200	10	32	-17
8300	12	63	-44
8400	5	118	-99
8500	10	161	-142
8600	8	205	-188
8700	5	273	-257
8800	-477	3	511
8900	-35	0	64
9000	108	12	-84
9100	96	4	-62
9200	55	0	-25
9300	24	6	-26
9400	6	2	34
9500	-23	0	45
9600	-20	6	57
9700	0	0	35
9800	49	8	-24
9900	103	2	-65
10000	139	0	-109
10100	179	22	-168
10200	222	37	-219
10300	-519	532	12
10400	16	3	-7
10500	145	-123	8
10600	120	-98	0
10700	99	-63	0
10800	54	-26	6
10900	21	0	0
11000	12	16	7
11100	-8	31	0
11200	0	25	0
11300	33	-10	7
11400	60	-36	0
11500	111	-83	0
11600	154	-124	8
11700	189	-165	0
11800	244	-219	0
11900	6	485	-485
12000	8	-9	11
12100	12	-126	131
12200	6	-103	103
12300	12	-69	63
12400	9	-34	38
12500	5	-1	0
12600	8	19	-20
12700	8	34	-35
12800	12	40	-45
12900	13	8	-8
13000	7	-26	32
13100	8	-67	63
13200	12	-118	124
13300	17	-168	161
13400	42	-230	195
13500	528	12	-541
13600	8	13	-25
13700	-118	6	108
13800	-96	0	99
13900	-68	10	51
14000	-24	4	18
14100	3	0	-6
14200	24	9	-40
14300	45	3	-45
14400	32	8	-38
14500	-7	9	-4
14600	-49	4	50
14700	-103	8	91
14800	-139	6	115
14900	-186	0	190
15000	463	-462	0
15100	-76	84	0
15200	-154	160	9
15300	-129	136	0
15400	-88	103	8
15500	-61	68	7
15600	-26	35	-4
15700	6	0	8
15800	17	-15	3
15900	31	-22	0
16000	16	-10	8
16100	-23	29	0
16200	-56	64	0
16300	-103	111	12
16400	-150	154	0
16500	-199	186	23
16600	-257	224	51
16700	12	-536	543
16800	14	-37	62
16900	8	124	-99
17000	12	106	-91
17100	12	63	-41
17200	5	36	-19
17300	12	7	10
17400	9	-15	26
17500	5	-19	36
17600	11	-12	31
17700	6	21	0
17800	8	61	-47
17900	12	100	-84
18000	6	150	-128
18100	10	199	-182
18200	16	252	-233
18300	-477	7	499
18400	-8	9	41
18500	116	0	-83
18600	100	9	-78
18700	70	4	-33
18800	29	0	1
18900	0	9	21
19000	-12	2	55
19100	-31	0	64
19200	-13	12	41
19300	40	2	-3
19400	82	9	-61
19500	135	6	-103
19600	170	12	-146
19700	205	40	-216
19800	-510	516	23
19900	30	-20	19
20000	153	-128	-4
20100	135	-110	8
20200	91	-70	0
20300	63	-37	0
20400	35	-10	9
20500	5	19	0
20600	-4	29	0
20700	0	24	6
20800	23	4	0
20900	58	-33	0
21000	96	-71	1
21100	140	-112	-1
21200	186	-161	10
21300	221	-207	0
21400	294	-264	-4
21500	9	500	-501
21600	5	64	-66
21700	12	-87	89
21800	7	-74	77
21900	8	-38	34
22000	12	-13	12
22100	6	15	-17
22200	11	35	-36
22300	12	36	-36
22400	5	20	-24
22500	12	-19	16
22600	12	-65	65
22700	12	-104	103
22800	20	-159	152
22900	33	-223	193
23000	60	-277	221
23100	557	5	-564
23200	94	7	-109
23300	-71	6	55
23400	-64	4	66
23500	-36	9	19
23600	0	6	-7
23700	20	5	-25
23800	34	9	-53
23900	38	4	-41
24000	0	8	-9
24100	-42	12	28
24200	-90	2	89
24300	-136	0	128
24400	-181	12	166
24500	-231	4	235
24600	476	-476	0
24700	-4	12	0
24800	-119	121	9
24900	-103	107	0
25000	-62	58	8
25100	-33	37	6
25200	-4	12	-3
25300	19	-13	8
25400	23	-20	1
25500	18	-9	0
25600	-11	16	12
25700	-52	58	0
25800	-92	103	0
25900	-138	144	12
26000	-190	183	11
26100	-244	214	41
26200	15	-534	541
26300	12	-9	21
26400	12	126	-107
26500	5	113	-96
26600	11	77	-52
26700	12	39	-19
26800	5	16	0
26900	11	-8	29
27000	12	-23	51
27100	8	-12	31
27200	12	13	0
27300	3	50	-32
27400	10	96	-81
27500	12	131	-114
27600	4	186	-170
27700	11	238	-223
27800	-468	0	505
27900	-2	9	13
28000	132	4	-97
28100	109	0	-77
28200	76	12	-53
28300	41	4	-4
28400	8	7	19
28500	-10	6	44
28600	-25	2	66
28700	-20	12	41
28800	29	6	0
28900	74	0	-38
29000	121	9	-100
29100	164	8	-133
29200	197	33	-199
29300	-509	515	12
29400	58	-42	22
29500	165	-143	0
29600	145	-118	0
29700	103	-81	6
29800	70	-43	-4
29900	41	-16	0
30000	12	12	3
30100	-2	32	-4
30200	0	27	8
30300	12	0	3
30400	50	-19	-1
30500	87	-58	6
30600	128	-104	0
30700	174	-148	0
30800	215	-194	6
30900	274	-251	0
31000	12	492	-493
31100	6	37	-37
31200	12	-96	95
31300	12	-86	87
31400	5	-46	41
31500	11	-17	15
31600	12	5	-6
31700	5	32	-38
31800	16	38	-39
31900	7	29	-19
32000	8	-8	4
32100	12	-52	52
32200	5	-95	93
32300	14	-141	139
32400	32	-207	188
32500	50	-262	212
32600	552	9	-558
32700	70	5	-77
32800	-97	9	78
32900	-77	4	73
33000	-44	5	38
33100	-10	9	-2
33200	19	3	-17
33300	32	8	-48
33400	42	12	-53
33500	14	4	-16
33600	-36	9	20
33700	-78	6	73
33800	-122	0	124
33900	-161	9	155
34000	-212	4	211
