# Time [us]	PORT_Mip_Acq_Curr_U	PORT_Mip_Acq_Curr_V	PORT_Mip_Acq_Curr_W
-----------	-------------------	-------------------	-------------------
0	8	-47	58
100	8	-41	44
200	12	-45	53
300	6	-36	45
400	10	-37	41
500	12	-39	48
600	5	-33	35
700	10	-32	37
800	6	-29	39
900	8	-24	26
1000	12	-29	36
1100	6	-26	32
1200	8	-22	24
1300	12	-29	35
1400	5	-17	22
1500	11	-19	28
1600	9	-21	32
1700	8	-16	18
1800	12	-20	24
1900	7	-16	25
2000	8	-16	16
2100	12	-20	27
2200	5	-14	19
2300	10	-16	21
2400	9	-21	29
2500	5	-14	16
2600	12	-19	28
2700	8	-16	29
2800	8	-17	18
2900	12	-26	33
3000	5	-20	25
3100	10	-24	28
3200	9	-29	38
3300	5	-25	29
3400	12	-33	41
3500	7	-33	41
3600	8	-32	37
3700	12	-42	50
3800	7	-41	51
3900	11	-45	57
4000	12	-55	66
4100	5	-54	55
4200	12	-61	63
4300	12	-71	78
4400	128	16	-133
4500	-48	7	60
4600	-60	5	66
4700	-55	9	53
4800	-45	3	57
4900	-47	8	46
5000	-41	8	41
5100	-35	4	46
5200	-36	0	35
5300	-29	6	34
5400	-25	12	38
5500	-26	10	22
5600	-17	6	31
5700	-22	8	27
5800	-16	12	16
5900	-11	4	24
6000	-16	0	19
6100	-10	9	12
6200	-9	2	20
6300	-13	5	9
6400	-7	8	12
6500	0	5	16
6600	-10	9	6
6700	-3	4	11
6800	0	5	16
6900	-7	9	5
7000	-4	5	16
7100	-10	8	12
7200	-10	9	8
7300	-6	2	24
7400	-15	9	16
7500	-10	9	21
7600	-16	8	25
7700	-7	9	12
7800	-17	6	24
7900	-24	8	32
8000	-26	9	26
8100	-25	4	37
8200	-33	8	40
8300	-33	9	34
8400	-35	4	50
8500	-44	8	45
8600	-42	12	49
8700	-47	8	61
8800	-55	10	51
8900	-53	7	66
9000	135	-124	3
9100	-60	77	-4
9200	-67	79	8
9300	-69	81	1
9400	-62	77	0
9500	-56	66	8
9600	-57	66	0
9700	-48	64	0
9800	-43	57	9
9900	-44	58	0
10000	-37	51	0
10100	-38	47	8
10200	-36	51	0
10300	-29	39	0
10400	-34	44	12
10500	-27	45	-2
10600	-24	34	9
10700	-29	37	0
10800	-23	38	-7
10900	-22	47	9
11000	-23	37	0
11100	-19	32	0
11200	-19	31	6
11300	-20	32	-4
11400	-15	29	0
11500	-16	31	6
11600	-16	32	0
11700	-9	26	10
11800	-15	33	0
11900	-13	32	0
12000	-17	0	8
12100	-21	33	0
12200	-16	29	0
12300	-19	31	6
12400	-26	38	0
12500	-19	33	0
12600	-24	37	3
12700	-26	40	-4
12800	-22	37	8
12900	-31	44	0
13000	-28	45	5
13100	-32	24	7
13200	-39	51	0
13300	-33	51	0
13400	-45	50	3
13500	-42	58	-4
13600	-44	54	7
13700	-51	63	1
13800	-53	67	-4
13900	-56	68	7
14000	-65	76	0
14100	-65	80	0
14200	-70	82	6
14300	5	-114	120
14400	12	64	-52
14500	8	73	-58
14600	8	74	-65
14700	12	61	-52
14800	7	62	-51
14900	12	61	-53
15000	12	50	-37
15100	5	54	-44
15200	11	51	-39
15300	9	44	-32
15400	5	48	-38
15500	12	41	-29
15600	6	37	-25
15700	8	40	-33
15800	12	33	-18
15900	5	36	-22
16000	11	35	-49
16100	12	29	-16
16200	7	34	-24
16300	12	29	-20
16400	9	24	-12
16500	8	32	-23
16600	12	24	-11
16700	4	28	-12
16800	10	29	-20
16900	12	21	-8
17000	5	32	-16
17100	12	29	-16
17200	12	34	-11
17300	12	32	-24
17400	11	29	-16
17500	7	31	-16
17600	12	35	-23
17700	12	33	-20
17800	8	42	-25
17900	10	38	-15
18000	12	34	-20
18100	5	41	-33
18200	10	45	-29
18300	9	44	-29
18400	0	51	-45
18500	12	51	-39
18600	7	50	-41
18700	8	61	-52
18800	12	59	-47
18900	6	69	-56
19000	8	77	-65
19100	12	73	-60
19200	-123	12	135
19300	73	6	-55
19400	83	5	-56
19500	73	12	-66
19600	77	6	-53
19700	65	8	-49
19800	63	12	-52
19900	61	2	-33
20000	53	8	-38
20100	56	8	-26
20200	51	4	-29
20300	45	8	-37
20400	48	6	-29
20500	42	5	-22
20600	41	9	-30
20700	41	4	-18
20800	33	0	-17
20900	34	9	-23
21000	38	2	-18
21100	29	8	-19
21200	33	9	-16
21300	32	-7	-6
21400	24	9	-15
21500	31	6	-10
21600	25	5	-9
21700	24	9	-18
21800	32	3	-8
21900	25	0	-9
22000	24	12	-21
22100	32	2	-3
22200	28	8	-16
22300	33	6	-13
22400	32	0	-9
22500	31	9	-21
22600	38	4	-18
22700	34	0	-16
22800	41	6	-28
22900	45	2	-20
23000	42	7	-29
23100	49	8	-7
23200	53	2	-27
23300	50	12	-43
23400	55	8	-39
23500	58	5	-38
23600	63	9	-51
23700	70	4	-45
23800	70	8	-51
23900	76	9	-65
24000	-109	124	5
24100	70	-55	0
24200	86	-64	0
24300	80	-55	12
24400	73	-56	0
24500	74	-51	0
24600	64	-52	8
24700	60	-41	-3
24800	64	-39	0
24900	52	-33	1
25000	50	-32	-7
25100	51	-33	9
25200	42	-26	0
25300	45	-25	0
25400	41	-23	6
25500	37	-17	0
25600	41	-21	0
25700	33	-16	3
25800	36	-12	-5
25900	38	-20	9
26000	29	-13	0
26100	34	-12	0
26200	32	-15	8
26300	24	-8	0
26400	34	-12	0
26500	29	-13	6
26600	31	-9	0
26700	35	-15	7
26800	32	-13	3
26900	34	-12	-2
27000	35	-20	8
27100	31	-16	0
27200	37	-19	0
27300	38	-21	8
27400	37	-25	0
27500	45	-26	7
27600	39	-26	3
27700	44	-24	-4
27800	51	-33	11
27900	47	-29	0
28000	55	-35	0
28100	58	-33	8
28200	53	-37	0
28300	63	-44	0
28400	64	-45	6
28500	63	-45	1
28600	77	-55	0
28700	73	-56	1
28800	82	-58	12
28900	87	-68	8
29000	86	-68	0
29100	12	135	-129
29200	9	-55	64
29300	8	-61	64
29400	12	-63	70
29500	7	-58	66
29600	8	-48	55
29700	12	-51	62
29800	7	-47	54
29900	11	-41	47
30000	12	-45	54
30100	5	-37	38
30200	11	-38	44
30300	12	-39	38
30400	5	-29	29
30500	12	-33	41
30600	8	-29	38
30700	8	-25	28
30800	13	-29	36
30900	6	-26	32
31000	10	-33	24
31100	12	-26	33
31200	5	-22	25
31300	11	-21	28
31400	9	-20	32
31500	8	-16	20
31600	11	-16	28
31700	8	-16	25
31800	5	-12	16
31900	12	-20	26
32000	6	-14	20
32100	12	-12	23
32200	12	-20	29
32300	5	-16	19
32400	11	-19	24
32500	8	-21	30
32600	11	-17	22
32700	12	-24	34
32800	7	-26	32
32900	8	-22	23
33000	12	-29	36
33100	7	-26	32
33200	10	-25	31
33300	12	-39	48
33400	4	-34	38
33500	12	-38	44
33600	9	-45	54
33700	5	-45	48
33800	12	-51	63
33900	7	-55	67
34000	8	-58	63
