# Time [us]	PORT_Mip_Acq_Curr_U	PORT_Mip_Acq_Curr_V	PORT_Mip_Acq_Curr_W
-----------	-------------------	-------------------	-------------------
0	484	9	-464
100	-296	308	6
200	269	-248	0
300	370	-347	8
400	389	-371	0
500	379	-354	0
600	335	-316	7
700	273	-252	0
800	215	-190	0
900	175	-155	6
1000	160	-137	-4
1100	161	-135	0
1200	151	-129	3
1300	161	-135	0
1400	174	-152	7
1500	182	-165	0
1600	213	-186	0
1700	233	-219	6
1800	269	-251	-5
1900	343	-319	0
2000	414	-397	0
2100	522	-497	-13
2200	631	-613	6
2300	5	314	-315
2400	11	-221	223
2500	8	-294	302
2600	8	-307	303
2700	12	-295	298
2800	6	-252	251
2900	10	-193	192
3000	12	-168	171
3100	8	-145	145
3200	12	-135	134
3300	6	-132	135
3400	5	-133	129
3500	12	-146	147
3600	6	-158	161
3700	10	-174	171
3800	8	-202	205
3900	5	-232	232
4000	11	-289	289
4100	8	-374	377
4200	5	-475	468
4300	22	-598	592
4400	309	7	-309
4500	-219	9	211
4600	-280	2	290
4700	-295	9	285
4800	-263	9	215
4900	-215	4	219
5000	-171	8	161
5100	-147	6	145
5200	-135	0	138
5300	-131	9	120
5400	-127	4	128
5500	-136	0	135
5600	-155	12	142
5700	-165	5	171
5800	-194	0	193
5900	-228	8	217
6000	-257	2	265
6100	-332	0	322
6200	-413	6	411
6300	-521	0	531
6400	308	-298	0
6500	-238	244	5
6600	-322	327	6
6700	-342	349	0
6800	-320	327	8
6900	-282	292	6
7000	-226	238	-1
7100	-174	179	9
7200	-158	164	0
7300	-142	149	0
7400	-135	139	9
7500	-142	151	0
7600	-145	154	0
7700	-164	166	9
7800	-181	190	0
7900	-196	202	8
8000	-231	237	3
8100	-276	285	0
8200	-346	347	9
8300	-440	448	0
8400	-548	551	5
8500	-667	659	25
8600	5	-288	298
8700	12	223	-207
8800	8	295	-275
8900	8	312	-297
9000	12	282	-265
9100	8	244	-228
9200	12	196	-187
9300	12	163	-145
9400	5	157	-145
9500	11	145	-129
9600	7	145	-128
9700	8	154	-142
9800	12	162	-143
9900	6	182	-164
10000	10	206	-187
10100	12	219	-204
10200	5	268	-251
10300	10	328	-316
10400	12	411	-396
10500	12	531	-515
10600	-283	3	317
10700	257	8	-232
10800	340	12	-319
10900	360	2	-328
11000	334	9	-319
11100	306	7	-274
11200	236	0	-206
11300	182	9	-166
11400	169	2	-137
11500	149	0	-125
11600	147	8	-127
11700	154	2	-116
11800	152	8	-128
11900	172	6	-144
12000	190	12	-157
12100	205	9	-196
12200	251	4	-219
12300	285	10	-264
12400	360	12	-340
12500	457	2	-427
12600	-294	314	0
12700	282	-257	0
12800	386	-374	9
12900	408	-394	0
13000	406	-383	0
13100	360	-339	6
13200	302	-279	0
13300	238	-216	8
13400	181	-161	1
13500	169	-141	0
13600	156	-131	8
13700	153	-127	0
13800	165	-138	0
13900	167	-145	3
14000	179	-154	-4
14100	206	-178	7
14200	223	-207	0
14300	265	-240	-8
14400	319	-300	6
14500	389	-370	0
14600	493	-468	0
14700	596	-580	3
14800	8	312	-315
14900	12	-232	234
15000	8	-310	309
15100	10	-328	324
15200	16	-319	322
15300	5	-272	270
15400	11	-219	218
15500	9	-171	175
15600	5	-148	145
15700	12	-141	140
15800	7	-133	138
15900	8	-132	131
16000	12	-144	149
16100	7	-155	154
16200	12	-167	166
16300	12	-194	199
16400	5	-219	219
16500	12	-269	269
16600	12	-345	348
16700	8	-443	432
16800	19	-560	558
16900	304	8	-309
17000	-229	9	223
17100	-296	2	306
17200	-315	7	309
17300	-288	6	269
17400	-238	2	244
17500	-184	7	174
17600	-153	6	150
17700	-138	0	141
17800	-134	9	123
17900	-125	4	126
18000	-135	5	132
18100	-145	9	134
18200	-161	3	166
18300	-186	8	182
18400	-213	12	205
18500	-248	2	252
18600	-306	8	298
18700	-387	6	385
18800	-489	2	496
18900	303	-298	0
19000	-250	257	0
19100	-335	345	9
19200	-361	373	0
19300	-343	349	0
19400	-304	308	6
19500	-252	264	0
19600	-177	194	11
19700	-165	173	0
19800	-144	154	-10
19900	-141	140	9
20000	-139	147	0
20100	-141	148	0
20200	-154	160	6
20300	-174	183	0
20400	-190	196	5
20500	-220	224	6
20600	-261	270	0
20700	-320	326	9
20800	-410	411	6
20900	-516	522	0
21000	-631	622	22
21100	7	-291	309
21200	12	232	-226
21300	6	315	-289
21400	5	331	-318
21500	12	309	-291
21600	6	263	-248
21700	8	212	-198
21800	12	169	-155
21900	7	158	-138
22000	8	154	-136
22100	12	140	-122
22200	5	151	-138
22300	9	158	-145
22400	9	176	-154
22500	7	199	-185
22600	12	212	-195
22700	7	257	-238
22800	0	319	-302
22900	12	385	-372
23000	5	498	-481
23100	12	609	-593
23200	-291	15	322
23300	231	9	-214
23400	299	4	-271
23500	302	8	-278
23600	282	12	-263
23700	240	4	-207
23800	186	8	-161
23900	171	9	-149
24000	157	2	-124
24100	147	8	-126
24200	153	6	-123
24300	148	0	-122
24400	165	9	-147
24500	186	4	-156
24600	206	5	-180
24700	237	9	-214
24800	278	4	-247
24900	334	11	-317
25000	431	9	-406
25100	531	12	-512
25200	-300	319	0
25300	259	-236	0
25400	336	-323	6
25500	360	-335	-7
25600	344	-318	8
25700	291	-272	0
25800	244	-215	0
25900	186	-168	6
26000	169	-145	0
26100	161	-137	0
26200	154	-131	1
26300	153	-128	-4
26400	167	-145	5
26500	175	-156	0
26600	198	-170	0
26700	219	-200	6
26800	250	-228	0
26900	304	-281	0
27000	373	-352	3
27100	461	-440	-7
27200	576	-553	8
27300	5	308	-307
27400	12	-238	237
27500	9	-329	335
27600	5	-352	348
27700	11	-343	347
27800	9	-305	312
27900	8	-244	244
28000	12	-190	192
28100	7	-155	154
28200	10	-141	136
28300	12	-139	141
28400	7	-130	130
28500	10	-140	139
28600	12	-155	154
28700	5	-161	158
28800	11	-186	189
28900	7	-213	212
29000	8	-250	247
29100	12	-321	326
29200	7	-413	412
29300	15	-522	505
29400	309	4	-307
29500	-245	8	232
29600	-323	6	321
29700	-339	0	348
29800	-306	8	312
29900	-270	4	274
30000	-211	0	212
30100	-165	12	155
30200	-140	4	145
30300	-135	15	128
30400	-129	8	121
30500	-128	2	135
30600	-143	11	132
30700	-155	6	152
30800	-175	8	180
30900	-207	8	194
31000	-233	6	231
31100	-283	0	286
31200	-356	9	348
31300	-452	3	455
31400	309	-298	6
31500	-261	270	-4
31600	-357	361	8
31700	-389	397	6
31800	-374	386	0
31900	-335	337	9
32000	-284	290	0
32100	-215	225	0
32200	-167	186	6
32300	-155	161	0
32400	-138	145	0
32500	-138	140	6
32600	-145	154	0
32700	-148	155	8
32800	-167	173	3
32900	-184	193	0
33000	-206	211	8
33100	-248	253	0
33200	-300	309	-20
33300	-377	382	9
33400	-479	487	0
33500	-592	586	12
33600	6	-297	315
33700	8	248	-234
33800	12	325	-310
33900	7	353	-335
34000	8	341	-327
