# Time [us]	PORT_Mip_Volt_DCLink	PORT_Mip_Acq_Curr_V	PORT_Mip_Acq_Curr_W
-----------	--------------------	-------------------	-------------------
0	9861	-99	0
100	9893	-85	0
200	9887	-52	12
300	9912	-16	0
400	9880	8	10
500	9848	29	3
600	9893	32	0
700	9867	7	7
800	9861	-15	3
900	9893	-51	8
1000	9867	-103	12
1100	9861	-138	0
1200	9874	-188	0
1300	9835	-242	6
1400	9893	497	-500
1500	9880	18	-17
1600	9899	-103	106
1700	9919	-87	82
1800	9867	-65	58
1900	9861	-19	19
2000	9893	4	-4
2100	9842	24	-24
2200	9861	45	-47
2300	9867	28	-29
2400	9861	-4	3
2500	9899	-38	34
2600	9867	-92	91
2700	9861	-135	130
2800	9893	-193	169
2900	9867	-242	219
3000	9861	14	-558
3100	9919	6	-60
3200	9887	0	103
3300	9861	12	70
3400	9880	7	49
3500	9861	8	6
3600	9893	9	-26
3700	9867	2	-35
3800	9861	0	-51
3900	9919	6	-29
4000	9874	0	22
4100	9861	9	58
4200	9893	6	111
4300	9854	0	154
4400	9835	9	194
4500	9880	-470	0
4600	9861	50	6
4700	9932	148	-2
4800	9874	120	9
4900	9861	87	0
5000	9893	51	0
5100	9842	18	9
5200	9861	-1	0
5300	9893	-21	0
5400	9861	-20	6
5500	9899	9	-4
5600	9867	34	7
5700	9784	82	3
5800	9899	128	0
5900	9867	160	16
6000	9861	205	27
6100	9893	241	57
6200	9867	-538	568
6300	9912	-64	82
6400	9880	91	-81
6500	9848	87	-64
6600	9861	58	-44
6700	9867	21	-4
6800	9938	0	17
6900	9906	-12	34
7000	9867	-26	48
7100	9861	0	14
7200	9893	35	-16
7300	9867	73	-51
7400	9861	122	-108
7500	9880	163	-147
7600	9861	215	-192
7700	9912	9	482
7800	9893	6	-14
7900	9912	0	-119
8000	9912	12	-103
8100	9867	2	-58
8200	9861	8	-29
8300	9893	6	8
8400	9848	5	38
8500	9861	9	51
8600	9893	4	60
8700	9854	5	29
8800	9861	9	-28
8900	9874	5	-69
9000	9861	0	-114
9100	9861	25	-174
9200	9867	41	-225
9300	9861	537	12
9400	9919	19	10
9500	9867	-120	6
9600	9861	-91	0
9700	9880	-61	0
9800	9861	-26	6
9900	9861	6	0
10000	9867	18	8
10100	9861	31	3
10200	9899	25	-4
10300	9867	-13	9
10400	9861	-44	0
10500	9899	-87	0
10600	9887	-132	12
10700	9861	-173	0
10800	9893	-224	0
10900	9874	489	-483
11000	9899	3	-7
11100	9867	-121	121
11200	9861	-97	93
11300	9906	-64	44
11400	9867	-33	33
11500	9861	0	0
11600	9893	19	-23
11700	9867	34	-33
11800	9861	40	-43
11900	9893	4	-4
12000	9861	-33	35
12100	9906	-75	70
12200	9893	-128	128
12300	9861	-178	162
12400	9919	-232	203
12500	9867	12	-543
12600	9861	10	-41
12700	9906	6	102
12800	9874	0	93
12900	9861	10	45
13000	9893	6	15
13100	9848	0	-9
13200	9861	12	-44
13300	9880	5	-47
13400	9861	8	-38
13500	9912	12	2
13600	9893	2	58
13700	9861	8	103
13800	9906	9	139
13900	9867	4	194
14000	9861	-460	0
14100	9893	72	0
14200	9848	153	6
14300	9861	132	0
14400	9880	90	0
14500	9861	60	6
14600	9906	29	-4
14700	9867	0	7
14800	9861	-13	1
14900	9906	-22	0
15000	9867	-7	8
15100	9861	31	0
15200	9893	69	0
15300	9867	118	7
15400	9861	159	0
15500	9893	193	24
15600	9848	231	51
15700	9861	-541	548
15800	9893	-49	74
15900	9861	113	-90
16000	9906	103	-81
16100	9867	58	-41
16200	9861	29	-12
16300	9919	3	12
16400	9867	-15	41
16500	9861	-22	38
16600	9893	-11	29
16700	9848	24	-6
16800	9899	66	-49
16900	9867	107	-87
17000	9861	153	-135
17100	9893	206	-190
17200	9867	260	-241
17300	9861	6	502
17400	9906	8	50
17500	9867	4	-77
17600	9861	10	-73
17700	9906	6	-26
17800	9861	0	6
17900	9861	12	23
18000	9867	3	55
18100	9861	8	61
18200	9887	9	31
18300	9867	2	-11
18400	9861	0	-67
18500	9893	6	-111
18600	9842	15	-154
18700	9861	43	-225
18800	9893	522	18
18900	9887	-4	12
19000	9906	-119	0
19100	9893	-105	0
19200	9861	-66	6
19300	9951	-38	-7
19400	9880	-4	6
19500	9861	20	0
19600	9893	32	0
19700	9867	15	6
19800	9861	0	0
19900	9893	-37	0
20000	9848	-84	9
20100	9861	-119	0
20200	9867	-165	8
20300	9861	-213	6
20400	9899	489	-490
20500	9880	-23	21
20600	9861	-126	128
20700	9919	-103	111
20800	9867	-69	74
20900	9861	-33	30
21000	9893	0	0
21100	9835	16	-16
21200	9861	38	-43
21300	9880	38	-39
21400	9861	16	-16
21500	9893	-19	18
21600	9867	-71	70
21700	9861	-113	111
21800	9893	-165	153
21900	9867	-232	203
22000	9861	20	-546
22100	9919	9	-20
22200	9867	0	117
22300	9912	9	88
22400	9893	4	60
22500	9861	10	19
22600	9893	9	-16
22700	9867	4	-29
22800	9861	6	-56
22900	9906	8	-46
23000	9867	-10	-1
23100	9861	11	38
23200	9893	7	95
23300	9867	5	138
23400	9861	9	174
23500	9893	-464	0
23600	9887	89	6
23700	9912	167	-4
23800	9880	128	12
23900	9861	101	3
24000	9880	64	-4
24100	9867	28	8
24200	9861	8	0
24300	9893	-16	0
24400	9867	-27	9
24500	9861	-8	0
24600	9893	21	0
24700	9861	57	6
24800	9899	109	-4
24900	9893	145	8
25000	9861	186	25
25100	9893	227	40
25200	9893	-542	562
25300	9861	-33	51
25400	9919	124	-107
25500	9867	97	-78
25600	9861	70	-54
25700	9880	33	-16
25800	9848	0	14
25900	9861	-9	26
26000	9867	-28	50
26100	9861	-13	38
26200	9899	25	-4
26300	9867	52	-35
26400	9861	102	-88
26500	9893	148	-134
26600	9867	198	-169
26700	9861	259	-241
26800	9893	6	506
26900	9874	0	45
27000	9906	12	-95
27100	9867	4	-69
27200	9861	8	-37
27300	9899	12	-4
27400	9867	5	32
27500	9861	6	46
27600	9919	6	62
27700	9867	5	48
27800	9861	9	-14
27900	9893	6	-52
28000	9854	0	-96
28100	9887	19	-154
28200	9880	33	-207
28300	9848	524	16
28400	9919	-12	12
28500	9867	-136	8
28600	9861	-104	0
28700	9893	-70	0
28800	9848	-36	6
28900	9861	-4	0
29000	9880	13	8
29100	9861	31	6
29200	9912	32	0
29300	9880	0	5
29400	9822	-28	1
29500	9899	-70	-2
29600	9880	-120	12
29700	9861	-168	0
29800	9893	-205	0
29900	9867	-271	12
30000	9861	505	-509
30100	9880	59	-60
30200	9861	-86	90
30300	9899	-70	65
30400	9880	-42	42
30500	9861	-7	6
30600	9899	19	-20
30700	9867	30	-30
30800	9861	46	-45
30900	9893	20	-26
31000	9867	-29	25
31100	9861	-58	54
31200	9919	-109	111
31300	9848	-161	154
31400	9906	-215	182
31500	9867	-282	231
31600	9752	12	-567
31700	9906	9	-116
31800	9893	2	70
31900	9861	8	54
32000	9919	6	21
32100	9867	0	-1
32200	9861	9	-35
32300	9893	4	-45
32400	9861	5	-45
32500	9893	12	-15
32600	9919	4	44
32700	9887	8	90
32800	9919	12	121
32900	9867	2	182
33000	9861	0	225
33100	9893	-479	0
33200	9867	8	8
33300	9861	124	0
33400	9919	103	0
33500	9867	66	6
33600	9861	38	0
33700	9893	6	0
33800	9861	-13	3
33900	9899	-19	-2
34000	9867	-15	8
