# Time [us]	PORT_Mip_Acq_Curr_U	PORT_Mip_Acq_Curr_V	PORT_Mip_Acq_Curr_W
-----------	-------------------	-------------------	-------------------
0	-49	12	51
100	-39	6	41
200	-35	2	48
300	-39	8	33
400	-28	6	37
500	-25	12	40
600	-26	9	27
700	-19	5	30
800	-25	10	25
900	-16	9	16
1000	-12	4	24
1100	-16	6	14
1200	-10	6	16
1300	-9	12	19
1400	-13	9	8
1500	-5	6	12
1600	0	0	19
1700	-7	9	7
1800	-2	4	15
1900	-7	8	12
2000	-7	12	5
2100	0	2	19
2200	-10	8	12
2300	-7	7	12
2400	-6	-16	20
2500	-16	9	12
2600	-10	6	18
2700	-16	5	25
2800	-20	12	16
2900	-16	6	29
3000	-24	0	29
3100	-23	9	24
3200	-25	4	37
3300	-34	8	33
3400	-33	8	21
3500	-35	4	51
3600	-42	9	38
3700	-40	6	47
3800	-48	0	58
3900	-52	9	49
4000	-50	5	66
4100	135	-123	3
4200	-62	77	-4
4300	-70	79	7
4400	-70	79	0
4500	-62	77	5
4600	-58	66	8
4700	-58	69	0
4800	-45	67	0
4900	-48	57	9
5000	-42	58	0
5100	-38	51	0
5200	-37	50	6
5300	-33	51	-4
5400	-32	44	0
5500	-34	44	0
5600	-26	45	-1
5700	-25	36	8
5800	-29	39	1
5900	-23	38	5
6000	-22	34	9
6100	-26	26	0
6200	-19	33	0
6300	-19	28	6
6400	-26	35	0
6500	-14	29	0
6600	-20	29	4
6700	-13	33	-5
6800	-11	29	9
6900	-20	30	0
7000	-15	32	-7
7100	-16	28	6
7200	-20	32	0
7300	-11	29	0
7400	-19	29	6
7500	-29	35	0
7600	-19	33	0
7700	-24	34	6
7800	-26	41	0
7900	-22	35	8
8000	-31	41	3
8100	-29	45	-1
8200	-31	41	8
8300	-33	49	3
8400	-36	45	5
8500	-38	41	4
8600	-45	58	0
8700	-43	56	0
8800	-49	60	6
8900	-55	68	0
9000	-54	66	0
9100	-64	74	6
9200	-66	83	-4
9300	-69	82	7
9400	6	-114	128
9500	0	70	-58
9600	12	70	-56
9700	5	76	-62
9800	10	70	-65
9900	9	57	-48
10000	5	64	-51
10100	12	54	-42
10200	8	50	-38
10300	8	54	-44
10400	12	47	-33
10500	6	47	-35
10600	12	51	-39
10700	12	36	-23
10800	4	38	-32
10900	11	38	-26
11000	12	34	-19
11100	5	38	-29
11200	12	32	-17
11300	7	34	-19
11400	10	32	-24
11500	12	24	-13
11600	5	30	-22
11700	12	29	-20
11800	12	23	-11
11900	5	29	-20
12000	12	25	-13
12100	7	24	-12
12200	8	29	-20
12300	9	23	-8
12400	8	29	-19
12500	12	32	-20
12600	9	28	-12
12700	5	35	-25
12800	10	32	-20
12900	8	34	-19
13000	8	40	-30
13100	12	33	-23
13200	6	41	-32
13300	10	46	-39
13400	12	41	-29
13500	0	49	-45
13600	10	51	-39
13700	12	55	-38
13800	5	64	-51
13900	12	58	-45
14000	6	66	-51
14100	8	72	-65
14200	12	71	-56
14300	-121	8	138
14400	76	8	-60
14500	83	-7	-58
14600	76	9	-66
14700	75	4	-55
14800	69	5	-48
14900	63	9	-52
15000	64	4	-39
15100	53	7	-38
15200	57	9	-42
15300	54	5	-30
15400	44	9	-35
15500	49	8	-33
15600	45	0	-24
15700	41	9	-31
15800	43	4	-21
15900	35	5	-19
16000	36	9	-23
16100	38	4	-11
16200	29	8	-16
16300	31	7	5
16400	32	4	-8
16500	28	7	-16
16600	36	6	-10
16700	25	8	-6
16800	24	12	-16
16900	29	3	-4
17000	25	0	-9
17100	29	6	-13
17200	32	2	-4
17300	26	12	-12
17400	31	7	-13
17500	32	5	-8
17600	29	9	-22
17700	36	6	-16
17800	35	5	-15
17900	37	9	-26
18000	45	3	-20
18100	41	0	-25
18200	44	9	-36
18300	51	8	-26
18400	47	8	-38
18500	58	6	-39
18600	58	8	-35
18700	57	9	-50
18800	69	4	-45
18900	68	5	-49
19000	76	9	-62
19100	-107	125	5
19200	77	-58	6
19300	86	-64	0
19400	83	-66	7
19500	73	-58	0
19600	76	-51	0
19700	67	-46	6
19800	60	-38	0
19900	64	-44	0
20000	54	-39	3
20100	50	-32	-4
20200	53	-34	7
20300	44	-27	0
20400	46	-25	-8
20500	41	-26	8
20600	36	-20	0
20700	41	-22	0
20800	38	-20	8
20900	34	-12	0
21000	38	-19	0
21100	31	-14	3
21200	31	-12	-2
21300	35	-18	9
21400	28	-7	0
21500	33	-12	0
21600	32	-16	8
21700	29	-9	0
21800	32	-12	0
21900	29	-13	3
22000	31	-9	-4
22100	38	-18	7
22200	32	-16	1
22300	37	-17	-27
22400	38	-21	8
22500	34	-17	0
22600	42	-22	5
22700	41	-26	9
22800	44	-25	-5
22900	51	-30	0
23000	45	-31	3
23100	50	-32	0
23200	58	-39	8
23300	53	-36	0
23400	62	-38	0
23500	64	-52	8
23600	63	-45	0
23700	72	-51	0
23800	72	-52	6
23900	82	-54	-4
24000	87	-66	6
24100	84	-68	1
24200	12	138	-136
24300	12	-60	70
24400	5	-66	67
24500	12	-64	70
24600	8	-62	70
24700	8	-53	55
24800	12	-54	60
24900	7	-52	58
25000	12	-43	46
25100	12	-47	54
25200	5	-39	45
25300	10	-38	41
25400	12	-41	48
25500	7	-33	36
25600	13	-29	37
25700	8	-33	38
25800	8	-22	29
25900	12	-29	37
26000	6	-26	32
26100	10	-22	28
26200	12	-26	36
26300	5	-20	25
26400	10	-19	24
26500	8	-20	29
26600	5	-16	19
26700	12	-20	28
26800	8	-16	32
26900	8	-12	20
27000	12	-20	28
27100	5	-15	19
27200	12	-16	23
27300	12	-20	29
27400	5	-9	15
27500	12	-20	24
27600	7	-20	27
27700	8	-17	20
27800	12	-24	29
27900	7	-20	25
28000	10	-19	24
28100	12	-28	37
28200	5	-26	32
28300	12	-30	37
28400	12	-36	45
28500	8	-33	36
28600	16	-38	44
28700	8	-41	51
28800	5	-43	49
28900	12	-51	58
29000	6	-55	64
29100	8	-58	62
29200	12	-68	75
29300	128	8	-127
29400	-52	9	53
29500	-58	4	71
29600	-58	8	58
29700	-48	4	55
29800	-45	5	54
29900	-28	9	39
30000	-35	6	44
30100	-35	0	41
30200	-33	12	30
30300	-24	4	37
30400	-28	8	32
30500	-20	9	23
30600	-17	4	29
30700	-20	7	19
30800	-14	8	15
30900	-12	18	22
31000	-15	9	13
31100	-8	6	21
31200	-9	5	19
31300	-7	9	6
31400	-3	4	15
31500	0	0	12
31600	-7	9	7
31700	0	2	12
31800	-12	12	6
31900	-4	7	12
32000	0	5	16
32100	-13	9	7
32200	-4	8	16
32300	-12	8	19
32400	-13	9	12
32500	-12	3	24
32600	-19	7	20
32700	-18	9	18
32800	-19	4	34
32900	-28	11	26
33000	-27	8	33
33100	-32	0	41
33200	-58	9	33
33300	-33	4	44
33400	-41	0	51
33500	-42	9	44
33600	-45	2	60
33700	-55	8	54
33800	-55	6	47
33900	136	-136	9
34000	-65	75	0
