# Time [us]	PORT_Mip_Acq_Curr_U	PORT_Mip_Acq_Curr_V	PORT_Mip_Acq_Curr_W
-----------	-------------------	-------------------	-------------------
0	327	12	-315
100	302	4	-276
200	263	8	-251
300	230	12	-208
400	193	5	-170
500	160	9	-145
600	151	4	-123
700	138	5	-116
800	139	9	-121
900	141	4	-111
1000	136	11	-120
1100	144	6	-123
1200	148	0	-122
1300	158	8	-140
1400	169	4	-142
1500	174	0	-159
1600	195	14	-178
1700	232	4	-198
1800	253	12	-241
1900	302	7	-284
2000	348	8	-325
2100	398	12	-389
2200	464	5	-439
2300	-166	182	1
2400	250	-228	0
2500	354	-335	12
2600	397	-381	0
2700	422	-399	0
2800	412	-393	6
2900	390	-372	-4
3000	367	-348	0
3100	326	-310	3
3200	298	-270	-7
3300	261	-240	8
3400	221	-207	0
3500	194	-172	0
3600	158	-142	3
3700	147	-122	-4
3800	148	-124	7
3900	142	-124	0
4000	149	-125	-13
4100	154	-132	6
4200	153	-135	0
4300	168	-145	0
4400	170	-155	6
4500	186	-164	0
4600	212	-194	8
4700	236	-223	0
4800	279	-257	0
4900	315	-303	9
5000	360	-341	0
5100	415	-395	0
5200	464	-448	3
5300	521	-505	-4
5400	586	-564	8
5500	5	200	-198
5600	11	-212	218
5700	8	-310	315
5800	8	-351	349
5900	12	-372	377
6000	6	-369	373
6100	10	-354	353
6200	12	-335	345
6300	5	-303	302
6400	11	-270	274
6500	8	-239	248
6600	5	-205	206
6700	12	-178	186
6800	7	-145	156
6900	8	-128	132
7000	12	-131	138
7100	5	-124	128
7200	10	-128	134
7300	9	-134	141
7400	8	-135	134
7500	12	-148	153
7600	5	-155	157
7700	15	-165	169
7800	6	-194	198
7900	5	-218	219
8000	12	-260	266
8100	6	-305	309
8200	8	-352	352
8300	12	-416	420
8400	5	-472	470
8500	11	-534	534
8600	181	5	-177
8700	-213	9	207
8800	-289	2	295
8900	-327	0	335
9000	-332	9	331
9100	-319	2	331
9200	-300	8	299
9300	-266	6	269
9400	-232	0	240
9500	-195	6	190
9600	-154	2	165
9700	-134	0	135
9800	-123	9	121
9900	-119	4	128
10000	-121	9	116
10100	-114	6	121
10200	-122	0	128
10300	-129	9	121
10400	-128	4	136
10500	-145	8	141
10600	-150	8	153
10700	-165	0	175
10800	-187	11	186
10900	-219	4	228
11000	-261	0	264
11100	-300	8	298
11200	-348	2	357
11300	-408	8	412
11400	-465	6	469
11500	206	-194	8
11600	-226	236	0
11700	-317	327	0
11800	-367	379	6
11900	-382	393	0
12000	-373	371	-4
12100	-363	373	3
12200	-335	348	0
12300	-302	308	9
12400	-273	283	0
12500	-235	246	0
12600	-205	211	3
12700	-174	187	0
12800	-141	152	0
12900	-134	140	3
13000	-129	141	0
13100	-127	134	10
13200	-132	145	1
13300	-131	145	0
13400	-138	147	9
13500	-149	161	0
13600	-154	165	0
13700	-167	179	6
13800	-207	207	-8
13900	-222	229	8
14000	-265	269	0
14100	-303	312	5
14200	-348	360	8
14300	-403	414	0
14400	-456	464	0
14500	-514	521	9
14600	-574	586	0
14700	12	-169	182
14800	6	226	-211
14900	8	322	-310
15000	12	356	-342
15100	5	379	-360
15200	10	375	-361
15300	12	356	-341
15400	8	335	-323
15500	12	294	-281
15600	7	268	-251
15700	10	235	-223
15800	12	195	-182
15900	4	172	-159
16000	12	145	-132
16100	9	134	-122
16200	8	141	-128
16300	12	136	-123
16400	7	144	-127
16500	10	154	-139
16600	12	153	-136
16700	7	160	-153
16800	12	174	-163
16900	12	179	-170
17000	8	219	-206
17100	12	246	-233
17200	6	289	-273
17300	8	338	-326
17400	12	382	-368
17500	7	447	-431
17600	12	502	-491
17700	-180	29	209
17800	231	9	-220
17900	329	2	-305
18000	361	0	-341
18100	376	12	-361
18200	370	2	-342
18300	344	12	-331
18400	322	6	-300
18500	285	5	-264
18600	250	9	-237
18700	215	4	-190
18800	175	9	-154
18900	153	12	-113
19000	141	-20	-115
19100	134	9	-122
19200	139	6	-116
19300	135	5	-111
19400	140	9	-123
19500	149	4	-120
19600	147	0	-133
19700	166	9	-142
19800	170	5	-145
19900	186	9	-171
20000	212	4	-185
20100	240	8	-223
20200	282	8	-273
20300	325	5	-301
20400	366	9	-360
20500	435	8	-413
20600	489	8	-475
20700	-165	186	-4
20800	244	-223	8
20900	329	-313	0
21000	381	-358	0
21100	393	-374	6
21200	382	-360	-4
21300	370	-348	8
21400	331	-316	0
21500	304	-283	0
21600	267	-252	6
21700	231	-212	0
21800	206	-183	8
21900	167	-150	3
22000	153	-128	-2
22100	148	-129	8
22200	140	-124	0
22300	153	-127	0
22400	148	-132	12
22500	153	-128	-6
22600	164	-144	10
22700	165	-149	0
22800	179	-159	-2
22900	199	-182	7
23000	218	-204	0
23100	264	-244	0
23200	298	-284	3
23300	344	-322	-4
23400	393	-376	9
23500	439	-426	1
23600	501	-481	0
23700	555	-542	6
23800	7	203	-199
23900	12	-220	226
24000	7	-317	322
24100	10	-364	366
24200	12	-389	397
24300	7	-385	386
24400	14	-364	373
24500	9	-350	357
24600	8	-315	315
24700	12	-286	294
24800	6	-252	257
24900	10	-219	218
25000	12	-190	199
25100	5	-157	157
25200	14	-133	137
25300	9	-129	136
25400	8	-124	123
25500	12	-128	134
25600	6	-131	132
25700	12	-128	134
25800	6	-142	154
25900	7	-149	154
26000	12	-161	165
26100	9	-181	188
26200	8	-204	206
26300	12	-244	250
26400	6	-286	290
26500	8	-331	329
26600	12	-390	393
26700	5	-445	446
26800	12	-509	511
26900	183	24	-177
27000	-219	9	212
27100	-299	4	306
27200	-338	0	348
27300	-348	12	340
27400	-331	2	344
27500	-318	8	312
27600	-282	6	282
27700	-244	2	257
27800	-210	9	206
27900	-169	6	171
28000	-135	5	145
28100	-126	9	123
28200	-117	4	128
28300	-120	8	122
28400	-116	9	115
28500	-119	2	128
28600	-126	5	120
28700	-129	8	128
28800	-138	0	141
28900	-149	16	141
29000	-154	4	166
29100	-180	7	180
29200	-207	8	205
29300	-241	2	251
29400	-287	0	283
29500	-329	6	334
29600	-385	0	393
29700	-447	7	441
29800	204	-193	0
29900	-228	237	6
30000	-329	341	0
30100	-373	382	8
30200	-396	405	6
30300	-387	399	-2
30400	-370	379	9
30500	-348	356	0
30600	-313	322	0
30700	-280	289	6
30800	-248	257	0
30900	-209	219	7
31000	-182	192	3
31100	-152	164	-1
31200	-132	140	9
31300	-132	140	3
31400	-126	138	0
31500	-128	140	3
31600	-132	148	0
31700	-132	145	0
31800	-150	153	3
31900	-155	167	0
32000	-163	171	10
32100	-187	195	0
32200	-211	222	0
32300	-244	244	9
32400	-292	302	0
32500	-331	341	0
32600	-383	392	6
32700	-439	451	0
32800	-494	498	12
32900	-555	564	6
33000	8	-164	173
33100	12	224	-211
33200	8	329	-309
33300	12	370	-361
33400	9	379	-364
33500	5	383	-373
33600	14	360	-348
33700	6	337	-322
33800	10	309	-297
33900	12	268	-253
34000	5	237	-227
